101.78103205941618
107.91781070777992
107.7161747957234
101.54913508324107
101.24456987792003
101.85580320579425
101.89702452264535
102.47034035995009
102.58731574439769
104.35347950787244
102.86996585197194
103.81228443229494
104.96886309276316
105.30723505687764
105.50562359176577
107.62441088985628
107.29994893667272
106.90625992712548
107.98861812389387
107.32473336816646
107.61431547621896
107.21509334296837
107.86063867453282
108.23869045717124
108.32410043109589
107.81753300111183
108.25257855102284
107.65588421369709
107.85006423117528
110.61437969961862
110.15390328169482
107.57342261878422
109.96621951877586
111.13310327565799
107.06815503086476
108.24959133799126
109.84969573371895
108.22658189711956
108.24662059807893
111.02085533833167
107.66269460110775
111.32321822129263
109.48936426308174
112.26389927445445
108.81901685948502
109.07856615985797
109.00165638686727
110.036343987578
111.59168460559546
111.44545809227017
109.80350352877711
108.36935216843197
109.90616652795555
111.34618465423006
109.65168247568842
111.4576457912497
109.57224028405204
108.49073828649878
109.7289504097876
115.58039290127512
109.66333479142595
109.52294527236957
111.14685458558164
109.49125793075298
109.57722509498159
111.3694622734371
109.7225397250238
108.13513179798899
109.59725834236755
111.44574251903711
109.8387822776239
109.87733938888634
109.76622719885083
109.4532516592924
109.71910955094114
110.0288223681008
108.80185699649302
108.71482382491727
108.75315881026725
111.53123135649932
109.98723285555008
108.87835201103242
109.06823772295
109.10666913962172
110.17920598676358
109.06982875623197
110.4502726129797
109.3371399094367
110.40951681886793
107.85828013332008
110.74694805439918
109.11553878596027
109.64705330340196
109.28941210034226
110.83467890096314
109.84182072296274
110.91101757282051
108.21166070069033
109.83007752229246
111.33647905711831
109.90736654109627
108.44001399802725
110.0604684137579
110.30792864827352
110.35069131065775
111.43056246126908
111.24130505907505
110.35106377443789
111.73388807298508
111.77233069548666
110.44373193395707
110.48187094925034
110.52000845039592
110.55814443640577
110.59627890606343
110.63441185791466
110.6899837423295
110.11717391913056
110.7106732010954
112.17007720850033
110.4815985278566
111.76731538110549
112.02805759273602
111.8049514774812
110.87849959699642
111.84259944879824
110.90129984414841
111.88025950888286
109.33298883960686
109.24382793025555
111.91706607446889
109.36771536490664
111.16148561109044
109.02594161834557
111.02245087862714
108.00591996744562
110.75115283594174
111.98934946242511
107.8521212103482
109.6065906956257
109.60473433383669
110.4850744657233
110.4848855852158
110.48477701901064
109.56876862860018
110.99101759720914
111.04970092520553
109.59729825548591
109.4415429897902
109.45966813660739
109.47629585391614
109.65993421408345
111.02683896044833
111.08600030781147
108.26697471401634
110.996390986264
108.30134089092601
111.01877670735803
108.33656900864412
109.80904447401718
108.37266414275176
109.79828266864574
109.78031792445456
106.97295397681592
111.07925967955072
108.44868802125059
108.25296602288823
108.4880159248193
109.65633435873707
111.1191396890015
109.64979829095368
108.48745189367474
108.5541973321723
109.36003326471416
106.98135314689895
108.04078763353414
107.01390878703023
108.23279096513762
108.39011837994303
108.65574343785701
106.97228846377541
108.2549486970804
108.70852555212464
107.13288641216715
107.1334360225279
107.96706974499428
108.36132575466297
108.35516948232382
108.30025325867271
108.3023666936963
106.71535891212362
105.23597644052612
103.94664575665952
103.95738717840706
103.96845545210927
103.97985080103547
103.99157342106547
104.00362347936576
104.61262924687883
105.7023163676374
104.39706007542902
105.19990349462827
105.79478688474688
105.2892981496618
105.25846528963409
105.26653028515555
105.23598321694587
105.01179706210002
105.21422630279525
104.15998266523215
105.19316320111673
104.99170684397431
104.96259939348809
103.73484715379537
103.69552691338868
103.99604900905247
103.43835381201126
103.494197971728
104.37244714979168
104.04864831283822
102.86624161193268
103.46763848016661
103.43950955753292
102.88777212297447
101.86105188805607
102.27435521084809
102.23362654463247
101.84680894169736
100.87683943548723
101.68367380846134
101.2355952802194
101.21708197358807
101.1987024098291
101.18045128798005
102.00863885994244
100.61073789941341
100.53299970038621
101.09302788443112
100.616012611252
100.5856330483212
100.4419398000729
99.66647538436789
99.2525454827623
100.42948268534998
99.18731094602391
99.15762122340585
99.12792697274658
98.91003244461349
98.05287026559185
99.07882935445795
97.84997106058334
97.57379793547389
97.64567387927033
97.93884536971794
96.61426523855334
96.68583033042638
97.87922952572133
96.56210277394443
96.60398469926554
96.53603969759213
96.57486809122943
95.30478021776626
95.06350928522396
95.38008050866596
95.03418949958721
95.4213454710263
95.23044617168642
95.66670629859192
95.12816222846298
95.15869833932612
95.37130805996615
94.1271423911155
94.11465402249779
94.08814751882552
94.0013140707071
93.0681131806368
93.64752085843963
93.59720376504517
92.6901463095903
93.46487017035935
92.2442511163512
92.89236250082328
91.72018487762932
91.54294279243926
91.61710108791529
85.77484130818043
84.66666661360851
84.99686693858331
84.62239702538216
84.64778141189495
84.57957239687097
84.60441926238592
84.88663922319876
83.96663732818904
84.56120954116834
83.9339085517329
83.88909605828938
83.67871178350475
82.76790291990389
82.83938209264079
83.13896014980313
83.03034510811898
83.00101903939029
82.94932406083026
82.01382077536266
81.9877751619711
81.18489654155894
81.99311656126426
80.96733280415985
81.09917338816446
81.12915889661284
81.55487015509688
81.04768124881457
81.0487086383998
80.93308564340384
80.03753330700941
85.80523089642834
81.86480876570816
81.28416857448912
81.21478626279202
77.34120529410686
82.5705899814787
77.49899961606789
79.78757336311094
80.4408092620994
79.214307909944
79.07414941538273
79.83345674127483
79.63287860074597
79.22440729190627
78.14846671579808
77.70035941836716
76.80490191335598
74.31761858107
73.7497422217656
77.95899772839581
77.79671026096827
77.81180420067764
77.22006212239388
77.89652237244049
77.29674866012515
77.31444689443364
77.29963679948062
77.25820070223914
77.20406410455155
77.21764662926172
76.57645906838131
76.5342984765886
76.72780977741617
76.60199091028898
76.58968787042168
75.98036609240962
75.92085740516387
75.97749763022509
75.31122439227742
75.86576070964126
75.84490665107546
75.26135286893629
75.24033919239821
75.17752480604135
75.1591114615129
74.16325789076227
75.18213217526095
73.81404037328667
74.62493352526627
74.36172307689729
74.2720776403124
74.51099478783003
73.76058535526272
73.74586540488176
73.57614480565901
73.68148477466193
73.58991312671453
72.87666828489783
72.91361386839112
72.87496261203037
72.67614779948721
72.12282515121936
71.50772943755406
71.33257102678232
71.37544973463356
71.2578445352432
71.30106961882247
71.32612037568873
70.59564181296548
71.14853208889281
70.43396639991388
70.51803969444666
69.8676992052959
70.39527317172733
69.74394371014537
69.50338688000839
70.03109542088926
68.81959111514256
68.8038887676354
68.69578634583291
68.67997601786172
67.99159597577159
67.54641008117147
67.27904475140322
67.2340116164462
67.35350751522554
67.23007168468136
67.18681068750836
66.674102276121
66.72094988895198
66.21125740646826
66.67034213791992
66.1608670378045
