0
15.866111040115356
15.888597011566162
15.908861875534058
15.930581092834473
15.949583053588867
15.969924211502075
15.992116928100586
16.011525869369507
16.030607223510742
16.049608945846558
16.069670915603638
16.093159914016724
16.112812042236328
16.133434057235718
16.156025171279907
16.176943063735962
16.19684100151062
16.21794104576111
16.239243030548096
16.260342121124268
16.280761003494263
16.300464153289795
16.3225679397583
16.345269918441772
16.366928100585938
16.38766598701477
16.40970206260681
16.429185152053833
16.448453187942505
16.467611074447632
16.490092992782593
16.512626886367798
16.53461003303528
16.55815100669861
16.580147981643677
16.600641012191772
16.625406980514526
16.643671989440918
16.662764072418213
16.682059049606323
16.701334953308105
16.72337508201599
16.746127128601074
16.767491102218628
16.78944206237793
16.81173300743103
16.833204984664917
16.85507297515869
16.87670922279358
16.896351099014282
16.91559600830078
16.935626983642578
16.95865488052368
16.980827808380127
17.00200390815735
17.024227142333984
17.065550088882446
17.08733606338501
17.110124111175537
17.13477087020874
17.158331871032715
17.181729078292847
17.223882913589478
17.265177011489868
17.28604793548584
17.306668996810913
17.349492073059082
17.37142300605774
17.39337706565857
17.432806253433228
17.454800844192505
17.477177143096924
17.497294187545776
17.517275094985962
17.539387941360474
17.56169605255127
17.584123849868774
17.606938123703003
17.64907217025757
17.669634103775024
17.688658952713013
17.708630084991455
17.727466106414795
17.746973991394043
17.81411099433899
17.833889961242676
17.857616186141968
17.900012016296387
17.92080307006836
17.94355607032776
17.96492314338684
18.006624937057495
18.030472993850708
18.051300048828125
18.07249903678894
18.094478130340576
18.11313509941101
18.133723258972168
18.15652823448181
18.198806047439575
18.30658197402954
18.329928874969482
18.350053071975708
18.39069890975952
18.40998411178589
18.450016975402832
18.47163486480713
18.588912963867188
18.753462076187134
18.81606101989746
18.88173007965088
18.925316095352173
19.04844903945923
19.13199520111084
19.238928079605103
19.346010208129883
19.40284490585327
19.463215112686157
19.503595113754272
19.565953016281128
19.61008310317993
19.77059006690979
19.85788607597351
19.960124015808105
20.01444101333618
20.101027011871338
20.123141050338745
20.14469003677368
20.165076971054077
20.280501127243042
20.30194616317749
20.407021045684814
20.53030300140381
20.61223816871643
20.65126609802246
20.669738054275513
20.713563203811646
20.797116994857788
20.859674215316772
20.882318019866943
20.965241193771362
21.00853705406189
21.029911994934082
21.073110103607178
21.13958191871643
21.200690031051636
21.223682165145874
21.263760805130005
21.28570795059204
21.32889199256897
21.370962858200073
21.41316294670105
21.434476137161255
21.454025983810425
21.516237020492554
21.53734803199768
21.560652017593384
21.60051417350769
21.66510009765625
21.687515258789062
21.75157618522644
21.795469999313354
21.859360933303833
21.881983995437622
21.902278900146484
21.92068600654602
21.96476697921753
21.987231969833374
22.02897310256958
22.06804895401001
22.08895516395569
22.11210012435913
22.153120040893555
22.197858095169067
22.259830951690674
22.280769109725952
22.299479007720947
22.36458396911621
22.386229038238525
22.40851616859436
22.449398040771484
22.53147292137146
22.562764167785645
22.596832036972046
22.66194987297058
22.731337070465088
22.766085147857666
22.789424180984497
22.82919406890869
22.86092495918274
22.908549070358276
22.928460121154785
22.962750911712646
23.016797065734863
23.037018060684204
23.062096118927002
23.0942862033844
23.164741039276123
23.196285009384155
23.233649015426636
23.26214599609375
23.36289620399475
23.39887523651123
23.431509971618652
23.462337970733643
23.494858026504517
23.534226894378662
23.597312927246094
23.630722999572754
23.661484003067017
23.694491863250732
23.731554985046387
23.7621591091156
23.783113956451416
23.834095239639282
23.86302423477173
23.893121004104614
23.932898998260498
23.966925144195557
24.028198957443237
24.062095165252686
24.09433913230896
24.135688066482544
24.161381244659424
24.194297075271606
24.228741884231567
24.263981103897095
24.29675006866455
24.328747034072876
24.359899044036865
24.397184133529663
24.443811178207397
24.464315176010132
24.495062112808228
24.54679298400879
24.56587815284729
24.598043203353882
24.630670070648193
24.664167881011963
24.697838068008423
24.728421211242676
24.76453924179077
24.785454034805298
24.834961891174316
24.86332392692566
24.910547018051147
24.931402921676636
24.96585488319397
24.99663209915161
25.032366037368774
25.10935616493225
25.132707118988037
25.162553071975708
25.194927215576172
25.231354236602783
25.264117002487183
25.29877996444702
25.343991994857788
25.377275228500366
25.397998094558716
25.428622007369995
25.46145009994507
25.498507976531982
25.530781030654907
25.577168941497803
25.599020957946777
25.629149913787842
25.6617910861969
25.698792934417725
25.73167109489441
25.78077483177185
25.807677030563354
25.829864025115967
25.867980003356934
25.8961238861084
25.927211046218872
25.98236393928528
26.029536962509155
26.063712120056152
26.130229949951172
26.20330810546875
26.244423866271973
26.265058040618896
26.29626703262329
26.33045196533203
26.36548399925232
26.399090051651
26.444967031478882
26.474411964416504
26.496865034103394
26.53182601928711
26.564521074295044
26.599581956863403
26.632104873657227
26.674429893493652
26.69710421562195
26.730512142181396
26.76329016685486
26.785004138946533
26.832929134368896
26.87859296798706
26.899762868881226
26.92806601524353
26.96122121810913
26.999221086502075
27.033993005752563
27.07679510116577
27.097377061843872
27.128098011016846
27.163310050964355
27.198816061019897
27.230087995529175
27.279302835464478
27.30452299118042
27.40414595603943
27.429387092590332
27.463958024978638
27.524946928024292
27.546203136444092
27.56641697883606
27.597287893295288
27.631880044937134
27.71302604675293
27.734750986099243
27.763280153274536
27.783554077148438
27.832550048828125
27.86510992050171
27.913533926010132
27.93495202064514
27.96130895614624
27.99522614479065
28.03247308731079
28.06445002555847
28.10210609436035
28.137120008468628
28.16204309463501
28.19634509086609
28.230849981307983
28.26466417312622
28.29795503616333
28.343695163726807
28.365510940551758
28.396349906921387
28.430284023284912
28.46383309364319
28.497188091278076
28.54648494720459
28.568695068359375
28.597312927246094
28.633044958114624
28.66358208656311
28.697848081588745
28.743330001831055
28.779228925704956
28.79977798461914
28.83326005935669
28.864688873291016
28.897680044174194
28.9327449798584
28.967671155929565
28.99441695213318
29.02884292602539
29.064398050308228
29.098948001861572
29.13322114944458
29.176318883895874
29.19753909111023
29.229369163513184
29.263869047164917
29.301018238067627
29.332799911499023
29.378856897354126
29.402287006378174
29.43179225921631
29.46245503425598
29.497726917266846
29.527634859085083
29.56623411178589
29.597357988357544
29.629889011383057
29.662150859832764
29.699376106262207
29.733862161636353
29.76555895805359
29.80281710624695
29.833811044692993
29.863559007644653
29.895153999328613
29.931379079818726
29.96599292755127
30.002996921539307
30.03277015686035
30.062278985977173
30.09611701965332
30.13076400756836
30.166267156600952
30.19896388053894
30.2433819770813
30.279012203216553
30.298789024353027
30.329018115997314
30.36231303215027
30.39953899383545
30.446689128875732
30.468092918395996
30.496921062469482
30.528377056121826
30.563215017318726
30.59850811958313
30.645490884780884
30.671600103378296
30.76526117324829
30.78861379623413
30.841220140457153
30.86775302886963
30.89835810661316
30.928043127059937
30.962521076202393
31.033676147460938
31.07883596420288
31.104254961013794
31.13330602645874
31.15961003303528
31.196181058883667
31.22645401954651
31.294591903686523
31.328049898147583
31.359827041625977
31.401612043380737
31.479278087615967
31.509543895721436
31.56050992012024
31.59922504425049
31.63145112991333
31.673897981643677
31.699888229370117
31.762640953063965
31.784230947494507
31.831655979156494
31.864470958709717
31.895498037338257
31.927850008010864
31.961348056793213
31.997632026672363
32.03293704986572
32.06266808509827
32.12865209579468
32.16525220870972
32.197299003601074
32.23405909538269
32.26532006263733
32.31275296211243
32.337175130844116
32.36164879798889
32.395713090896606
32.43219780921936
32.46455407142639
32.504603147506714
32.53800916671753
32.563676834106445
32.5958731174469
32.63065004348755
32.66343092918396
32.69906401634216
32.740885972976685
32.763185024261475
32.78571605682373
32.831632137298584
32.862334966659546
32.897392988204956
32.94327187538147
32.96455717086792
32.99514603614807
33.027024030685425
33.06441807746887
33.0986750125885
33.14303994178772
33.16490125656128
33.19785809516907
33.24887204170227
33.271146059036255
33.29783511161804
33.33309006690979
33.37306809425354
33.39661002159119
33.42894697189331
33.46262502670288
33.498255014419556
33.53114914894104
33.5800518989563
33.604928970336914
33.63006901741028
33.66298508644104
33.69785809516907
33.730895042419434
33.77744793891907
33.80781006813049
33.8312029838562
33.86076593399048
33.89848494529724
33.928611040115356
33.966707944869995
34.01242399215698
34.034459829330444
34.06221318244934
34.095651149749756
34.132121086120605
34.165740966796875
34.205151081085205
34.22938299179077
34.261382818222046
34.296282052993774
34.33062195777893
34.36651587486267
34.41012191772461
34.431918144226074
34.46107220649719
34.49439001083374
34.53042006492615
34.563334941864014
34.59808588027954
34.64367318153381
34.68458294868469
34.70495891571045
34.72936391830444
34.76496195793152
34.78793406486511
34.83330512046814
34.86399602890015
34.896178007125854
34.9283242225647
34.96347117424011
34.99826407432556
35.04392409324646
35.06838917732239
35.09686613082886
35.128957986831665
35.16469717025757
35.200031042099
35.23248505592346
35.27255916595459
35.29681611061096
35.33393907546997
35.36675405502319
35.39899802207947
35.43513107299805
35.4728729724884
35.49836325645447
35.53035283088684
35.56468415260315
35.600849866867065
35.63401699066162
35.68401622772217
35.708009004592896
35.73095083236694
35.7631459236145
35.78275108337402
35.83405590057373
35.86527895927429
35.89835214614868
35.92946195602417
35.961628913879395
35.99939203262329
36.03207206726074
36.06452202796936
36.11030101776123
36.13122510910034
36.165830850601196
36.217138051986694
36.2387011051178
36.26597189903259
36.32971215248108
36.351683139801025
36.37312412261963
36.39809799194336
36.4322669506073
36.46323204040527
36.51075720787048
36.53536415100098
36.56306314468384
36.59659695625305
36.63316106796265
36.66534399986267
36.69901204109192
36.73882508277893
36.763771057128906
36.7842218875885
36.83120512962341
36.86540699005127
36.89898610115051
36.94471096992493
36.964609146118164
36.99649786949158
37.030840158462524
37.06475019454956
37.098376989364624
37.14469814300537
37.164639949798584
37.19652199745178
37.231536865234375
37.266716957092285
37.298717975616455
37.33332896232605
37.378889083862305
37.40037512779236
37.429641008377075
37.463783979415894
37.5012149810791
37.53439903259277
37.57820105552673
37.59862494468689
37.646055936813354
37.666045904159546
37.69837689399719
37.763468980789185
37.7928409576416
37.814319133758545
37.8348548412323
37.86289620399475
37.89739203453064
37.92997908592224
37.963064193725586
38.01051211357117
38.030966997146606
38.061453104019165
38.095381021499634
38.130024909973145
38.16487193107605
38.21124601364136
38.23246693611145
38.261550188064575
38.29527497291565
38.33423686027527
38.36601710319519
38.41253304481506
38.4365770816803
38.46238684654236
38.4955780506134
38.531248807907104
38.56685209274292
38.60937809944153
38.64167308807373
38.66353416442871
38.696253061294556
38.731377840042114
38.769323110580444
38.79450702667236
38.84295082092285
38.86413097381592
38.89570093154907
38.9295220375061
38.961775064468384
38.99876618385315
39.04374814033508
39.0789098739624
39.09837222099304
39.129403829574585
39.18203592300415
39.20361113548279
39.244304895401
39.264626026153564
39.296534061431885
39.33253192901611
39.36438202857971
39.39829921722412
39.43741321563721
39.46441125869751
39.49631595611572
39.53170704841614
39.56657004356384
39.59781002998352
39.63145399093628
39.675390005111694
39.69828820228577
39.72933506965637
39.76398301124573
39.78598189353943
39.8288791179657
39.874109983444214
39.89585304260254
39.929187059402466
39.96202301979065
39.99868893623352
40.030872106552124
40.06409287452698
40.096197843551636
40.12864804267883
40.160972118377686
40.196913957595825
40.231456995010376
40.26723623275757
40.31275010108948
40.33333086967468
40.36342716217041
40.3950080871582
40.430453062057495
40.46043300628662
40.51418495178223
40.534319162368774
40.562424182891846
40.61392903327942
40.636749029159546
40.661948919296265
40.71133017539978
40.73322916030884
40.76209783554077
40.781492948532104
40.83105516433716
40.86325001716614
40.90958309173584
40.930683851242065
40.962801933288574
40.999305963516235
41.033998012542725
41.063026905059814
41.10594201087952
101.90084505081177
101.92452502250671
101.94885516166687
101.97058010101318
101.99298095703125
102.01470804214478
102.0367910861969
102.06144595146179
102.09296798706055
102.13455510139465
102.17482805252075
102.19910192489624
102.22039604187012
102.23998594284058
102.25961017608643
102.27891302108765
102.29828095436096
102.31850814819336
102.33830904960632
102.35943698883057
102.3805480003357
102.40073609352112
102.42274212837219
102.44468212127686
102.46687698364258
102.49151802062988
102.51224899291992
102.53173303604126
102.55403208732605
102.57451605796814
102.59504199028015
102.61669611930847
102.63644790649414
102.65934896469116
102.68018507957458
102.7016088962555
102.72322607040405
102.74490594863892
102.76602602005005
102.78693413734436
102.80716323852539
102.82824802398682
102.84857606887817
102.870285987854
102.89348983764648
102.9297468662262
102.96108603477478
102.98126482963562
103.00105023384094
103.02118611335754
103.04364585876465
103.06466794013977
103.08710598945618
103.1105580329895
103.14579200744629
103.16605114936829
103.18720698356628
103.20878005027771
103.23024201393127
103.25223398208618
103.27090620994568
103.29527807235718
103.3185977935791
103.34038090705872
103.3609368801117
103.38158321380615
103.40265488624573
103.42410802841187
103.44473505020142
103.4650490283966
103.48908591270447
103.51204991340637
103.54227709770203
103.5849061012268
103.60727906227112
103.62816214561462
103.64749217033386
103.66709303855896
103.69018507003784
103.71189498901367
103.7329170703888
103.86187601089478
104.0028600692749
104.02386212348938
104.04404306411743
104.06405806541443
104.08353209495544
104.10433006286621
104.12537693977356
104.14796996116638
104.16853094100952
104.19002509117126
104.2119390964508
104.23207807540894
104.2526478767395
104.27310705184937
104.29583311080933
104.31881713867188
104.3404610157013
104.36187386512756
104.38241696357727
104.40193009376526
104.42222595214844
104.44429397583008
104.46420621871948
104.48655200004578
104.52861499786377
104.55235719680786
104.57485103607178
104.61724591255188
104.63854217529297
104.66024017333984
104.68196201324463
104.70411705970764
104.72774815559387
104.75031089782715
104.7723479270935
104.81320095062256
104.83391523361206
104.85512185096741
104.87406420707703
104.89377617835999
104.91347789764404
104.93298721313477
104.95392990112305
104.97449707984924
104.99416089057922
105.01365494728088
105.03430986404419
105.05591082572937
105.07561492919922
105.09602785110474
105.11553502082825
105.13420605659485
105.15600204467773
105.17776107788086
105.19790315628052
105.21829199790955
105.23874998092651
105.27794623374939
105.29802227020264
105.31792688369751
105.34175896644592
105.36460995674133
105.38448095321655
105.40584087371826
105.42696809768677
105.44798803329468
105.46876811981201
105.48823094367981
105.50914406776428
105.53033804893494
105.5519950389862
105.57333087921143
105.59470415115356
105.61440300941467
105.63540887832642
105.65615701675415
105.67834115028381
105.69826412200928
105.72044801712036
105.74363899230957
105.76646709442139
105.78789401054382
105.8091688156128
105.83108711242676
105.85205101966858
105.8751769065857
105.8969669342041
105.91917705535889
105.94173789024353
105.96359205245972
105.98760199546814
106.0121898651123
106.05047297477722
106.07249689102173
106.09258699417114
106.11150908470154
106.13054418563843
106.152498960495
106.17755913734436
106.19954204559326
106.22304511070251
106.243812084198
106.26425290107727
106.28515720367432
106.30389904975891
106.32636213302612
106.36279511451721
106.38108110427856
106.3995110988617
106.41868305206299
106.48155999183655
106.50311398506165
106.52457118034363
106.54413104057312
106.56319522857666
106.58269500732422
106.60202217102051
106.62201499938965
106.64295196533203
106.66465091705322
106.68555903434753
106.7065761089325
106.72804498672485
106.74713802337646
106.76659202575684
106.7856240272522
106.80569911003113
106.83247995376587
106.8542709350586
106.87570905685425
106.89535117149353
106.91722297668457
106.93927907943726
106.96090602874756
106.98253011703491
107.00319218635559
107.02316808700562
107.04268217086792
107.06660723686218
107.11841893196106
107.14497113227844
107.17094492912292
107.20252704620361
107.22857403755188
107.26155710220337
107.29700994491577
107.3199200630188
107.3473551273346
107.3969841003418
107.41824412345886
107.44146299362183
107.461266040802
107.48148989677429
107.50096201896667
107.52051901817322
107.54086089134216
107.56197905540466
107.58334016799927
107.60504913330078
107.62725806236267
107.64753603935242
107.66653418540955
107.68408298492432
107.702064037323
107.72100615501404
107.73998403549194
107.76250386238098
107.78215289115906
107.80252313613892
107.8248770236969
107.84707713127136
107.86784887313843
107.88653206825256
107.90458393096924
107.92322897911072
107.94201803207397
107.95989608764648
107.97900700569153
107.99976801872253
108.02097010612488
108.0408251285553
108.06038904190063
108.07946109771729
108.09793782234192
108.11571002006531
108.1334331035614
108.15218710899353
108.17199683189392
108.19322180747986
108.21360111236572
108.23386120796204
108.25433397293091
108.27648901939392
108.29558610916138
108.31771492958069
108.33926200866699
108.3626081943512
108.38116407394409
108.40070819854736
108.42142415046692
108.44223403930664
108.46321988105774
108.48359608650208
108.50455594062805
108.52714014053345
108.55101585388184
108.5721971988678
108.59376788139343
108.61512303352356
108.63441300392151
108.65472507476807
108.675283908844
108.69600415229797
108.71768021583557
108.7392110824585
108.76225399971008
108.78542304039001
108.81006908416748
108.83123993873596
108.85247993469238
108.87283396720886
108.89369010925293
108.9131588935852
108.93261504173279
108.953773021698
108.97541189193726
108.99592399597168
109.0163221359253
109.03704905509949
109.05867004394531
109.07982110977173
109.10265707969666
109.14495801925659
109.16690301895142
109.18918919563293
109.2135739326477
109.23379707336426
109.25661492347717
109.27681112289429
109.2967140674591
109.31716394424438
109.33767199516296
109.35864019393921
109.3769268989563
109.39790320396423
109.41872692108154
109.43938994407654
109.459547996521
109.47908806800842
109.49959802627563
109.52069401741028
109.54462003707886
109.5659351348877
109.59033918380737
109.6119589805603
109.63142395019531
109.65176796913147
109.67328906059265
109.6946759223938
109.71549606323242
109.73459506034851
109.75722908973694
109.78138303756714
109.80288505554199
109.82571005821228
109.84561681747437
109.86562991142273
109.88657784461975
109.90596890449524
109.9267258644104
109.9463758468628
109.96640682220459
109.99017810821533
110.01243209838867
110.03393006324768
110.05612802505493
110.08344912528992
110.10368204116821
110.12473702430725
110.14545798301697
110.16405200958252
110.18566989898682
110.2086091041565
110.23007011413574
110.25040698051453
110.27040314674377
110.29140400886536
110.31247997283936
110.33338499069214
110.35395097732544
110.37487888336182
110.39586901664734
110.41812705993652
110.43767094612122
110.45800709724426
110.47765302658081
110.49840307235718
110.5189881324768
110.53965401649475
110.55927300453186
110.5781409740448
110.598393201828
110.62091588973999
110.63976907730103
110.66120600700378
110.68160581588745
110.70192313194275
110.72466611862183
110.74474906921387
110.76480793952942
110.78610420227051
110.81029987335205
110.8326780796051
110.87719917297363
110.898020029068
110.93984198570251
110.96062421798706
110.98113107681274
111.00304508209229
111.0262770652771
111.04751706123352
111.06762218475342
111.08940505981445
111.10949802398682
111.12999701499939
111.15016388893127
111.17092204093933
111.19249892234802
111.21510910987854
111.23471999168396
111.25787019729614
111.27830600738525
111.2988920211792
111.32009196281433
111.34082794189453
111.36259722709656
111.38232183456421
111.40294814109802
111.42535710334778
111.44755721092224
111.468190908432
111.48864316940308
111.51012992858887
111.53053116798401
111.55052399635315
111.57178282737732
111.59290289878845
111.61592102050781
111.63543200492859
111.65739226341248
111.68143582344055
111.70320105552673
111.7236111164093
111.7434070110321
111.7636969089508
111.7842869758606
111.8039870262146
111.82682013511658
111.84965395927429
111.87307405471802
111.89356112480164
111.91395902633667
111.93437218666077
111.95601797103882
111.97774696350098
111.99828100204468
112.02096891403198
112.04197907447815
112.06305003166199
112.08312010765076
112.11384201049805
112.13510918617249
112.15606617927551
112.17744994163513
112.19863295555115
112.21976709365845
112.2413260936737
112.26459813117981
112.28557801246643
112.30690789222717
112.32677602767944
112.34902000427246
112.37077808380127
112.39215517044067
112.41316294670105
112.43261694908142
112.4555971622467
112.47762799263
112.49688291549683
112.52040600776672
112.54133820533752
112.56358408927917
112.58354306221008
112.6041522026062
112.62594890594482
112.64753317832947
112.66690993309021
112.69025206565857
112.71418809890747
112.73663687705994
112.75845193862915
112.77854418754578
112.79955506324768
112.8217761516571
112.84300017356873
112.86244606971741
112.8814148902893
112.90123009681702
112.9240939617157
112.94811487197876
112.96981191635132
112.99028706550598
113.011234998703
113.0321831703186
113.05280995368958
113.07385015487671
113.09472107887268
113.11593818664551
113.13708305358887
113.1579430103302
113.17764210700989
113.19797086715698
113.21931004524231
113.24062895774841
113.2609121799469
113.28064107894897
113.30100393295288
113.32476806640625
113.34603118896484
113.36820006370544
113.3895161151886
113.41029715538025
113.4306800365448
113.45209908485413
113.47368025779724
113.49859499931335
113.52264285087585
113.54606008529663
113.5671660900116
113.58940505981445
113.61100482940674
113.63184213638306
113.65289402008057
113.67439699172974
113.6978850364685
113.72178792953491
113.74506282806396
113.76657605171204
113.78695511817932
113.80800700187683
113.82901310920715
113.8496949672699
113.87042212486267
113.89100813865662
113.91341018676758
113.93802285194397
113.96049523353577
113.98101210594177
114.00270104408264
114.02459502220154
114.04607105255127
114.06647610664368
114.087651014328
114.11201095581055
114.13534498214722
114.15634608268738
114.17821598052979
114.19930696487427
114.22161316871643
114.24353885650635
114.26381206512451
114.28504490852356
114.30644106864929
114.32865405082703
114.35166096687317
114.37144494056702
114.39123296737671
114.41163301467896
114.43116497993469
114.45245504379272
114.47382616996765
114.49298906326294
114.5142810344696
114.53601312637329
114.55955195426941
114.58242511749268
114.60361123085022
114.62605500221252
114.64694309234619
114.66878318786621
114.69041800498962
114.71083116531372
114.73134684562683
114.75605988502502
114.77977299690247
114.80006718635559
114.82069706916809
114.84163403511047
114.86243724822998
114.8838882446289
114.90375185012817
114.92605900764465
114.94780492782593
114.9675760269165
114.9887900352478
115.01061820983887
115.03107190132141
115.05189085006714
115.07281804084778
115.09318399429321
115.11238288879395
115.13345408439636
115.15748310089111
115.17917799949646
115.19931602478027
115.22000002861023
115.24110102653503
115.26140999794006
115.28423309326172
115.30439186096191
115.32609510421753
115.34785890579224
115.368243932724
115.38728904724121
115.40809392929077
115.42978000640869
115.44961905479431
115.47045516967773
115.49418592453003
115.51543188095093
115.53796720504761
115.5618109703064
115.58293509483337
115.60411596298218
115.62559795379639
115.64640402793884
115.66760492324829
115.68870902061462
115.7084858417511
115.7276680469513
115.74895787239075
115.76860213279724
115.78859496116638
115.8099730014801
115.830237865448
115.84936809539795
115.86968302726746
115.88929510116577
115.91095185279846
115.93114185333252
115.95175504684448
115.9748969078064
115.99695706367493
116.0171709060669
116.0375599861145
116.05940818786621
116.0783429145813
116.0978901386261
116.1170380115509
116.13588619232178
116.15949320793152
116.18152713775635
116.20085406303406
116.22144794464111
116.24067997932434
116.26012587547302
116.2786591053009
116.2974898815155
116.31607389450073
116.3345320224762
116.35500907897949
116.37677502632141
116.39561796188354
116.41650795936584
116.43568110466003
116.45584011077881
116.47575187683105
116.49553608894348
116.51502418518066
116.53501415252686
116.5561170578003
116.57649898529053
116.59668707847595
116.61701393127441
116.63729214668274
