0
24.817724530362156
25.130247189431863
25.11027176412214
25.514801875468656
25.305747945333007
25.616566939262896
25.842753193830216
26.247257965554084
26.059380848382002
25.956860956210747
26.551070726289353
26.09867671496462
26.50559265719098
26.711596128950266
26.758230299304742
27.05908672680182
27.103494475472328
27.364112405645823
27.39202751560799
27.898241040960603
27.985735749464958
27.74029628782364
28.332801944018012
28.88073190694135
29.01737209107509
28.984921040620627
28.858482409368104
29.635834101161457
29.628295963153146
29.991082796023385
30.110530832659414
30.097756936747526
30.060330719960344
30.711350643971006
30.943703273158725
30.934929345296148
30.92167264179467
31.292740656361012
31.283225372053604
31.273802337993676
31.264472866572987
31.81962995592851
32.60651517257312
32.89024113949545
33.71868218651102
33.7086884777598
33.69871214112895
33.688757082080265
34.11557750227527
34.98204540147725
34.86409372999185
35.16311165301329
35.152906761992014
35.15173900620368
35.6606412873634
35.66444798431279
36.17825423202819
36.37417433995596
36.277999822854824
37.546555121893164
37.3837459410644
37.38033076493915
38.293036714867576
37.020471657835024
38.54564680240399
38.53551160738665
38.96072923823751
39.240848882433724
38.993119348711204
40.16937540596947
40.0866684719372
40.16108791320598
40.15900099882212
40.317451666440135
41.08683717543289
41.27960045684332
41.08456919527671
42.35404164281305
41.404210653329706
42.290504271167165
42.54664014417636
42.25353581595551
42.73585561209874
42.72644191439737
45.38559724631442
43.50584375105662
45.38752969788919
44.9245209706874
44.90555491311666
45.06731939618224
45.06485808392965
46.273723638658616
46.43284117999031
46.430340314381
46.65876859456716
46.65598031161428
46.65319741800127
48.09380188871161
46.92816604988036
48.09922328667275
48.451007489935975
48.448426506157354
48.79617151202947
50.21420258428493
53.334340513375096
50.07106760769764
50.06828362374765
52.53236609026252
54.4338907735176
56.477169319868246
53.81661390285552
55.96388196248354
55.6602439793736
53.76299923367836
52.27490074896774
52.60432672624148
51.13436190400145
50.74904789863471
52.64038712036339
52.05934865192159
49.532285803927515
47.271902168587424
44.374655660104594
42.56827787217169
41.58049710820562
40.63501048583729
40.554310837310304
38.247749326750544
39.65383809150726
36.725379540440585
36.250666296167786
34.84321313659492
33.57850670879107
32.527572638822235
32.272715740365584
32.044530516050195
30.894453084086848
30.007379042968964
29.669660969170575
29.644004219540665
29.309807368072875
29.37395608376576
28.41188609487421
29.209377471344773
28.085929095748813
27.808252418248713
27.740357204986694
27.476172872516972
27.686568368202845
27.483184605012763
27.288776671832547
27.262728530229882
28.199239805879937
27.158138875966465
26.96398262709997
26.826094712867018
26.9370267409966
26.670364008648864
26.633310750951388
26.60036405786096
26.611406560909536
26.611751005503393
25.72393626083534
25.648282382056415
25.407132327952393
26.390597560072038
26.286246321070927
25.33199294134752
25.09483710752966
25.96040415774025
25.08614747001798
25.740356558515327
25.634585723660194
23.952904714759235
24.33695122920172
24.17575154765806
23.4343791445112
23.70813528171235
22.964524821865645
22.922674994817267
22.46053809527537
22.04807301450374
21.78119862370776
21.74278307964695
21.43698148416644
20.321724860186038
20.750110139621437
19.991692710446976
19.842565941606722
19.662334178144736
19.290007509951213
19.909646363845035
19.09890935949195
18.87489305447028
18.17611920925455
18.057109482663392
17.767945347381197
17.478956995171337
17.62775175477184
16.99831928963963
17.41073611703197
16.294820740320553
16.0342293101426
15.875193166211771
15.71981339353911
15.92088545594809
15.205431039401551
14.857016722758212
14.569223389550396
14.339513304659839
13.805457557666555
13.977506376836763
13.706408503781029
13.036299573899083
12.96431067728634
13.130800035853715
12.404302000818047
12.264656519902436
11.735741408787977
11.463262121600444
11.42148246228549
11.25093598002251
10.972263243044006
10.3079134894843
10.091609858646928
9.865459053864793
10.129646122940319
9.687509977777783
9.230451914831606
8.95965989870528
8.732249300467293
8.470275663017201
8.188458360051722
7.916552405191078
7.645119860118993
7.225851704445106
6.978112953501865
6.536691545353597
6.273668786108709
5.849973155121964
5.574943089783308
5.188583774574769
5.029369400898206
4.540741832285223
4.282915930325041
4.052258293360946
3.65369747372172
3.2890030118260754
2.9897152872329573
2.646497922955871
2.0743116146282907
1.7017723600862276
1.4068426698635892
1.0946842234203304
0.7991823964313659
0.4674479634327652
0.15948219515473855
-0.10237433782101807
-0.3471439259482504
-0.5886568953483593
-0.7783413874533605
-1.0884010195356393
-1.3775381178516037
-1.6636179072851285
-1.8075924892710988
-1.9182245649476513
-2.174811356900014
-2.4194104861577865
-2.5970256677726837
-2.767147381949592
-2.897355229011044
-3.067347407367346
-3.2394920673588365
-3.35744680614949
-3.4778912178321293
-3.597152954616218
-3.7513212089849914
-4.0728413674062764
-4.2837602537915185
-4.516637285118371
-4.5342614333976075
-4.689501432593823
-4.982283984108841
-4.910482014812259
-5.0658558815981225
-5.137664089145853
-5.44798752359672
-5.403267874300804
-5.466849307451831
-5.565021052420404
-5.756072482165985
-5.78683241148573
-5.978308910825377
-6.071826685092066
-6.230762575545264
-6.213515209636113
-6.298289216992398
-6.4262189258213676
-6.539808661397633
-6.581658292890031
-6.634181297548927
-6.864169629281383
-6.915571870124201
-7.089102683560737
-7.100036310724322
-7.220230058240359
-7.308387392440665
-7.282583523039283
-7.410499579513322
-7.298897765394667
-7.300189151293546
-7.448003438997271
-7.328932262252667
-7.507171028435948
-7.506312370462709
-7.4317309394279585
-7.489749577552695
-7.453840272471083
-7.431905583058766
-7.403131573246972
-7.409356977181014
-7.294756376798622
-7.343413890842871
-7.285044880095211
-7.385238455465361
-7.2067153851366035
-7.19834508069627
-7.244769746074824
-7.085191515087242
-7.036762296304643
-7.016621286649752
-6.923263487945837
-6.8035925644759025
-6.593429492714229
-6.660887915034573
-6.7078160207731585
-6.648796228360413
-6.535981428131309
-6.374401846931801
-6.347467481168256
-6.1791696143070505
-6.187004751694332
-6.088848773442962
-5.9989942123553135
-5.805125509275456
-5.810978057165134
-5.61964442088129
-5.491533287773905
-5.301301242183194
-5.294625819238245
-5.155683051864195
-5.095145454864966
-4.953231582853723
-4.807488620649594
-4.780928294460617
-4.564874327213317
-4.50617325528467
-4.316351935905215
-4.2418522085681305
-3.999003328653063
-4.022833451917489
-3.7783163921694736
-3.6497083648204756
-3.5663963798909526
-3.3390553338581532
-3.242475360334083
-3.070217135613239
-2.9427421930589905
-2.763513804153973
-2.7655550673856717
-2.596199273857507
-2.5542064109678413
-2.4187085635692935
-2.424726332985852
-2.2041352363817834
-2.1693605268296103
-2.0899365106291277
-1.9375328674426964
-1.926672320529305
-1.8395037563054284
-1.7370108628112324
-1.6404794578634434
-1.574162250621313
-1.4641718805068065
-1.4491883151832268
-1.3028575597014658
-1.2494708376458183
-1.2181891195525003
-1.1525954087981105
-1.0355354767223337
-1.0161514714959237
-0.9069393122388928
-0.8777860853187573
-0.7758201536610677
-0.7756956238433043
-0.7114417067703557
-0.7181748282341849
-0.6847717760035481
-0.6785637945345989
-0.635945416190565
-0.5837502020622696
-0.6680996112109264
-0.6690370880366726
-0.6367745661425398
-0.6936706441612185
-0.6375546948533419
-0.7160888273850553
-0.7802794623487679
-0.8134787443849943
-0.7645308785035548
-0.7635098063545116
-0.7962660192591363
-0.8699615658250681
-0.8929650297651366
-0.8699614791520901
-0.8929650297651366
-0.919609209366852
-0.9382591960380638
-0.9601179958770801
-0.9104758073103594
-0.8670641240255179
-0.8669118335489083
-0.9104758073103594
-0.9161406291571071
-0.8209185387514809
-0.8192155123989624
-0.8774081714945156
-0.8444635386186575
-0.8306714904706974
-0.8189402526169407
-0.7182602396431635
-0.7501764218863213
-0.7408742338801598
-0.8529306995720923
-0.8403558465104564
-0.8898951130584207
-0.9217454532507562
-0.9326210969006995
-0.9266777124128804
-1.0486049347014263
-1.1181235555869518
-1.1085511493034368
-1.1364129149441
-1.23229906215088
-1.2407217498072565
-1.243622712008301
-1.3653110526790437
-1.3851643753601657
-1.4765550342954121
-1.4498769201081079
-1.5197852757916823
-1.484796043222618
-1.4962497241089228
-1.5559419857323062
-1.662231504870349
-1.608334333916823
-1.6098904219892853
-1.6345601061950006
-1.6018907452705846
-1.657042032151183
-1.6019025074504387
-1.600528380151036
-1.6436162228049012
-1.634239464413603
-1.6434144255378214
-1.5357825392353173
-1.5676569481758058
-1.5286586365915722
-1.5371228095927512
-1.5902127283192242
-1.5598179614114729
-1.5757691708824235
-1.5738122643902663
-1.5797940076220598
-1.6605784941399284
-1.6002012844506575
-1.6683254770660234
-1.6817020790121777
-1.7017586473997253
-1.7895728972377383
-1.722087640991265
-1.8025716215419605
-1.8102854380683504
-1.928780051432379
-1.9172952455425716
-1.9275325860970751
-1.9233527268492543
-1.9407457685657705
-1.9306297412182558
-1.9380850389401378
-1.9331670619492487
-2.0625852307802095
-2.089566227754496
-2.0681500839572253
-2.0717625038855982
-2.1567172882188044
-2.231985263616351
-2.222749695211571
-2.2387305562857787
-2.2946559896180707
-2.309071894464355
-2.329953285756624
-2.3656718817865645
-2.362621732352009
-2.419944000347898
-2.478348469619117
-2.527876760823307
-2.4747095914448867
-2.5104364950612417
-2.52981812317801
-2.5880214914615536
-2.6088945417905482
-2.6951553539481043
-2.750849884606031
-2.695692345460969
-2.7586265991159395
-2.7889145536555295
-2.857191138725843
-2.8641243992721592
-2.942336013870873
-2.9071130739837305
-3.073780183197966
-3.0689447602744404
-3.1250363559823033
-3.2126408158400444
-3.2995237846116905
-3.3533365360071876
-3.4728389181075974
-3.543347817040065
-3.621096221841194
-3.6913936593048167
-3.8476113675648196
-3.859854101794748
-3.947482375697347
-4.031311253079957
-4.137478561586942
-4.3099939687258875
-4.3498902069344
-4.35681815074896
-4.528584110328013
-4.6086754382975705
-4.624220666690423
-4.754320493009242
-4.924555377625169
-4.942906589211878
-4.986496944977619
-5.068433763997696
-5.173615077109501
-5.157231270019674
-5.254645074319486
-5.3294927799587635
-5.412085490346995
-5.423287717014314
-5.503941422183304
-5.619735620592065
-5.637602464161103
-5.6423177176813555
-5.7157962226977554
-5.7815469612471775
-5.7891498343954035
-5.7806055847430216
-5.87679623024764
-5.9731905536095375
-5.9970887665164785
-5.999861234024623
-6.095524848970168
-6.138532679088178
-6.10944546531707
-6.2002319408492435
-6.254959276312436
-6.300621216863909
-6.318255586521878
-6.458272246213959
-6.416249900856112
-6.5061158745404315
-6.392575187056148
-6.424192242175435
-6.437934531745375
-6.43878000778605
-6.4965286393397665
-6.455763983890775
-6.432358483205069
-6.460613859374712
-6.4433245069741005
-6.477562630471015
-6.4206206777977535
-6.427273484422129
-6.496856765300785
-6.418828779828445
-6.560852471157052
-6.516587791253257
-6.505063747060938
-6.427683669374115
-6.480322657229753
-6.473952738315182
-6.548392637875909
-6.491837786366303
-6.512266559461875
-6.458101500646093
-6.423988696026521
-6.379508378299712
-6.401592264244823
-6.393188354717777
-6.292335183625556
-6.277575286390995
-6.245714177629345
-6.169118416256127
-6.11824535337794
-6.044177786356705
-6.043928087019488
-5.905803423211797
-5.812359170802156
-5.83906002997543
-5.74954612287329
-5.687361776560889
-5.634203311505663
-5.563663936966975
-5.486280441089294
-5.363535888249685
-5.2980577003179885
-5.2509171869392945
-5.2217994311196305
-5.17205309038312
-5.12134740125251
-4.999156360641177
-4.951040871012978
-4.903522804438706
-4.823845747932662
-4.779063800389614
-4.725551950641387
-4.635762852367724
-4.62908003201475
-4.607521135524351
-4.560837181425423
-4.51158641309404
-4.4473239062104
-4.402168755737844
-4.33459164883963
-4.265182233878052
-4.19349341741487
-4.1946500360607395
-4.153646798856381
-4.131434973589913
-4.073165434247898
-4.043449463805747
-4.01039742314343
-3.9352105803201294
-3.919652681507844
-3.911492227121329
-3.8901926406364087
-3.802754762297833
-3.822641544073189
-3.8128569145324027
-3.7671516824781413
-3.743942988661238
-3.683546711958384
-3.6962329190377106
-3.68315050004819
-3.6509530842779254
-3.6279148529596177
-3.5810448197252955
-3.558616108048681
-3.4796986483568513
-3.430039822916549
-3.415254388111861
-3.3501155324201024
-3.266047941153966
-3.278102074189566
-3.2441809907356576
-3.211439795766088
-3.152979028387837
-3.1183558834937886
-3.070595294938341
-2.9617331958499302
-2.983785920453923
-2.927553336450198
-2.9070309689160188
-2.872596305773961
-2.8246686682063946
-2.7766449694785433
-2.7495742601731856
-2.698827624080964
-2.664413153910272
-2.618192632147849
-2.5551188826988316
-2.514704710355763
-2.487794117295772
-2.4543994585756694
-2.411824496932222
-2.3835414586952517
-2.3554339670865043
-2.3479121343739027
-2.374410319338115
-2.3684994057630218
-2.370568580086408
-2.39015446231482
-2.372126700319374
-2.4012531340801986
-2.4240128342656977
-2.450420070621437
-2.4520703194203226
-2.4950280177431945
-2.5428679347998924
-2.5908898364298167
-2.6180811876141346
-2.6400343383985065
-2.6500941288215025
-2.6435514345004893
-2.6429724347688164
-2.642731753793657
-2.642446566669342
-2.6156573060750468
-2.6193351281963912
-2.6161405446950994
-2.6332608385527925
-2.680005848130188
-2.735161452632732
-35.90125217618822
-35.763167574945484
-35.853948546977634
-35.77455021205161
-36.023262059748994
-36.186368836587754
-35.58021068399332
-35.773156581217656
-35.64201271816868
-35.7480851692054
-35.34074233403014
-36.02337868680926
-35.51303329312427
-35.49483384557036
-35.933076688193026
-35.802015471409725
-35.53874531372439
-35.410364491908865
-35.340647070379944
-35.07504501478888
-35.53109607750731
-35.50234910984327
-35.43306985867334
-35.201223183316685
-34.9582184550695
-35.457883267590255
-35.79591390831869
-35.525431542216836
-35.72580890385182
-35.58601425012756
-35.33918675661894
-35.39670963609741
-35.652357863874066
-35.36246823557341
-35.64122090769003
-35.54356361516329
-35.37062685164652
-35.198315463943814
-35.73477574764677
-35.582957211389534
-35.38679736127663
-35.33262801163326
-35.67373235840706
-35.8091526113982
-34.93092056961593
-35.3056587157021
-34.812697505211844
-35.02017048037291
-34.603207383613906
-35.13155491242415
-34.16184067827792
-34.45949862010619
-34.36286424275148
-34.266218714254556
-34.40449002140299
-34.75051641393835
-34.320704756450304
-33.93494946168105
-34.28326408641728
-34.52219625270971
-33.78079441663958
-34.01980517275278
-33.93357559072165
-34.09309335366372
-33.93696643196445
-33.65608023356288
-33.84199988135545
-34.014728610334444
-34.23831020292168
-33.81544107981341
-33.908342783151255
-34.270255447569184
-34.181424291489996
-33.75688457073364
-34.04700443158998
-33.37719951572045
-33.98561265557539
-34.16631801871448
-33.96037490075295
-34.001836700699386
-33.60660939295468
-12.218941308842998
-30.874367424524912
-32.07043598601812
-32.22078425494953
-32.1809961647195
-32.64395477042049
-32.102574051310874
-32.400209665700054
-32.675436300743264
-32.07186233312303
-32.55847858546663
-32.50483816333446
-32.44687230125476
-32.13556985388428
-32.38941812514899
-32.287087077442045
-32.44192887575513
-32.68455015602056
-32.53479696692535
-32.33138604643647
-32.41913882298094
-32.85113595862361
-32.79284928442342
-32.51728391128177
-33.17096507183179
-33.06843458678547
-33.09110154122026
-33.31943942923228
-32.7052279447287
-33.28462384792905
-33.33443557717531
-33.23959727607935
-33.580069090729545
-33.49411035500294
-33.97267874701084
-33.70357679742471
-34.24324017861135
-33.591714087505835
-33.52616099897563
-34.293732225649016
-33.3973447488353
-33.80116525584209
-34.249622481664275
-33.94403194781817
-33.89688111330034
-34.01938706559107
-33.72225218511652
-33.747982275855996
-33.66113687884719
-34.23603224250334
-34.029850810823774
-34.04758351101607
-34.109916073955155
-33.75689345170545
-33.68746412763946
-33.86361802141785
-33.859203605679
-33.815044537857126
-33.83287265505433
-33.65705054698303
-33.47415041500245
-33.33461986710041
-33.59514493402467
-33.541295565241455
-33.485172105475286
-33.45700888787645
-33.21263586529535
-33.38834325697286
-33.09925139905506
-33.02991837878368
-32.98602874176102
-32.93228433994804
-33.093935370069815
-32.9818728891451
-32.908080743441914
-32.996886688717446
-33.19170340457586
-33.005751099461584
-33.00092139569597
-32.93851899827854
-33.38355004246899
-32.70932621219677
-32.609850286419196
-32.805701576220244
-33.347647438115914
-32.6824066255381
-33.09795586198288
-33.09330048523885
-33.04914114819564
-33.55647625242565
-33.19225629745423
-33.18820667773809
-33.4160036953644
-33.175458004225774
-32.94353045474825
-33.2029779264917
-33.502738488061546
-33.070735417640904
-33.3508531941338
-33.023252583399284
-33.24688732156897
-33.08975528758162
-33.12370946711371
-32.96744869748479
-33.0513709342797
-33.039746875702775
-33.0359337903627
-32.87686206302441
-32.97062585315417
-33.246444590327386
-33.36787902448764
-32.76645342208478
-32.762169921517724
-33.250865571739695
-32.716735158118716
-33.25534666594129
-33.30468794269739
-33.59548196892587
-33.107184189436644
-33.42938677255718
-33.11148638435183
-32.7567318969835
-33.176479869027155
-33.05154215371755
-33.57472878603232
-33.52488634498891
-33.588213226868355
-33.641820691342794
-33.06473441878
-33.069170217710024
-33.04443579321132
-33.491366311719155
-33.51728053354984
-32.83806501992241
-33.34816151249019
-33.35226643575459
-33.4795806530074
-33.35639075544059
-33.360534522124915
-33.11227517026899
-33.56738963228656
-33.423689725411485
-32.7422212990653
-32.763993434543366
-32.95194228766884
-33.129983162116304
-33.16626434081585
-32.75048446379047
-33.008451397325345
-32.72937072085964
-32.88693187006356
-32.58792213380571
-32.26357967039968
-32.76133380683764
-32.723296416489774
-32.63581220677844
-32.248744570102815
-32.24695908454716
-32.1230952354637
-32.94612913450018
-32.87877718764271
-32.81592876282201
-32.640023035340704
-32.130623718801665
-32.5611487753763
-32.10756302007557
-32.37771485103877
-31.916673487530577
-32.29882485061475
-32.710738750379406
-32.16573622566187
-32.3735615714289
-32.03285435164157
-32.300598942422184
-32.25567027129458
-31.67990745252464
-31.95283038467196
-31.966323699823203
-32.353882867830585
-31.697845963805506
-31.743979388666375
-32.089574316463484
-31.55328444758854
-31.886105793394904
-31.610424217953437
-31.51596593748704
-31.999116472501058
-31.465378921142545
-31.370791229093985
-31.662744063928905
-31.558227389401
-31.46813824219323
-31.33652297384014
-31.28204624488314
-31.160327091993846
-31.088280905549176
-31.035071115295803
-30.907487966352388
-30.79042719975478
-30.782102211709923
-30.66686836832333
-30.657368886248793
-30.63530815650566
-30.974020997076952
-30.82984721775986
-30.544976955557388
-30.43939879354841
-30.404720552963866
-30.296120232613404
-30.2151648353907
-30.24512550238282
-30.283207740077458
-30.194820180715315
-29.792626257140544
-30.070779140832368
-29.79629597568486
-30.074235566692987
-29.97453938853163
-30.003917550876142
-29.67676746005978
-29.95363808810092
-30.00904652582296
-29.971292572644675
-29.590300906513004
-29.589610335336598
-29.592927251859287
-29.593386122295463
-29.28831338934293
-29.93087184257405
-29.47887831487149
-29.128774443945705
-29.47887831487149
-29.128774443945705
-29.08985872070673
-29.28831338934293
-29.12511546714837
-28.749243797100558
-29.016588609838035
-29.160005365919453
-29.013349578523663
-29.069933583394644
-29.40828899415696
-29.15291366435847
-29.351997726484274
-29.319574907384325
-28.883311887909457
-29.64904472461342
-29.18486933326465
-28.825153225083312
-29.07383425429929
-29.081151162028707
-28.892318862517456
-28.97362782079138
-28.88822045264314
-28.88483428652803
-29.156186939689007
-29.07807521376648
-29.022734233161675
-29.055347870875224
-29.279412210040825
-28.618715639130375
-29.279080915496348
-28.82068492552907
-28.74781927626678
-29.143852446253902
-29.077874139134686
-29.09889685933953
-29.04440871625965
-28.94923483067745
-28.515651564337134
-28.529686590970684
-28.87005516624717
-28.958232224296523
-28.901889049187055
-28.829672585654535
-29.246716057712028
-29.193267806887885
-29.196390307896817
-29.522611492817706
-29.135894547375532
-29.072206769821314
-29.472310648690144
-29.029851357096394
-29.03318203517602
-28.624759013356144
-28.90199014010038
-28.90861016863653
-28.911957501346965
-28.88910994193817
-28.779019858213907
-28.758965922715348
-28.76273043571981
-28.54729976055285
-28.794103732936616
-28.797496370859495
-28.80090352128665
-28.384447821013687
-28.710088583911197
-28.29563782017553
-28.69482667696498
-28.614852329371278
-28.73188681850289
-28.818158432160065
-28.735205439281504
-28.821653538842234
-28.21137732582684
-28.825163450754186
-28.464000188117186
-28.390334099042597
-28.802976848313588
-28.87958239548645
-28.86912661516448
-28.449283479521377
-28.967503825545307
-28.479131026845952
-28.546303537917062
-28.482409910633855
-28.876172349145087
-28.586655686842285
-28.4204607107521
-28.423339530228077
-28.179071605706973
-28.25476066931879
-28.14856933540725
-28.123125366655465
-28.055451594490968
-27.95385843618818
-27.538791242346782
-27.3925626009495
-27.285576080740498
-27.11085568863589
-26.779214182568
-26.724377707443498
-26.646945330751006
-26.647679228207785
-26.195129541596376
-26.394519999981195
-25.72924323907254
-25.98968679855481
-25.519571714840694
-25.596358934479657
-25.49795898999948
-24.784062353811464
-25.053422267621592
-24.517018546054878
-23.995291554184046
-24.09273899153564
-23.84259857040803
-23.649978920809946
-23.189495179577285
-22.92962401874463
-22.969866561413518
-22.81186958262284
-22.318840100880923
-21.77976444518924
-21.535650501391356
-21.29162367802714
-20.686204207845705
-21.002064794101827
-20.51951679088418
-20.29830053665428
-20.043154396344722
-19.742686709353848
-19.25645588570128
-19.05886061799839
-18.817640202690427
-18.75710970808335
-18.250719488445593
-17.822222324128237
-17.853868110860432
-17.88314396421385
-17.40672552771685
-17.017175188915413
-16.714237005997514
-16.660910465268824
-16.438545561840805
-16.22676460274183
-16.06244712289293
-15.849480545109204
-15.613430014740787
-15.476372007307711
-15.261931373454747
-15.056867175379706
-14.942067350193634
-14.69302213583208
-14.332467509445625
-14.098802374124059
-13.84671077191198
-13.613407491188461
-13.363603853977676
-13.42927709731166
-13.031503191969923
-12.80775097785335
-12.57683781666753
-12.270618427943882
-12.041234888752028
-11.748980376553872
-11.549344575316908
-11.377401557108033
-10.981551053939501
-10.913334298786754
-10.536531866996903
-10.299636994162748
-10.067015588526688
-9.847459162677396
-9.614399630438253
-9.32850481927947
-9.130292947484413
-8.93556847914419
-8.677562911969183
-8.45134645963308
-8.13317712008658
-7.94324151811674
-7.719712822925245
-7.420738478080921
-7.215709949315655
-6.971373668680158
-6.707654114996281
-6.483176486436464
-6.179928592888019
-5.932962473076713
-5.688958379081199
-5.351122526998502
-5.140538814616659
-4.918182346368984
-4.690599334941928
-4.388504615253512
-4.171054836107559
-3.8397693049657984
-3.622171659324075
-3.4384806109395565
-3.115164269383104
-2.9006878858998375
-2.697562412280906
-2.4345577762607036
-2.264699095900073
-2.0448788345213487
-1.8430955960033057
-1.6410177618120227
-1.4267583383673212
-1.1510687230456944
-0.9792221236973716
-0.772776393975453
-0.5644004216452396
-0.35604897437386096
-0.1447983372386452
0.06373983062301972
0.2476013109350264
0.40007335181226383
0.6006488711730478
0.8064947610104148
1.016407518153993
1.1852858938276103
1.3893776925808599
1.5934687465887047
1.797561559088946
2.002313937624584
2.205626377146166
2.35908475630234
2.5632440191860435
2.76077851215972
2.910710950773708
3.1087754965831373
3.3102732349754467
3.4408716603649583
3.661281638347196
3.838383518148807
3.989388479945977
4.2034200329446385
4.411102680596551
4.603014227215283
4.681299109612513
4.861286164257398
5.101977114886042
5.172567203642311
5.353520081650012
5.538903960102358
5.773824067945764
5.8761738646969714
6.045532278211258
6.234432123651885
6.416037304434087
6.610264168999927
6.769930361486476
6.881335420754669
7.1019362354213715
7.263261150074294
7.430670773915711
7.621019912857531
7.715430234059763
7.847501124881484
7.990865634908669
8.232505150176014
8.382336651364623
8.518394872891077
8.659159215192698
8.847027876007342
8.976622178373573
9.044051743942974
9.231092908498145
9.35958316800944
9.5750058674243
9.760152281858085
9.853912521745341
10.11481751945646
10.195280912244051
10.383987900940676
10.592862731030134
10.830861731536919
10.980049810962612
11.122795256724975
11.281987967886723
11.524760158443783
11.665513165918407
11.854645570520244
12.110237925838762
12.259323263101097
12.44613217094377
12.686547517401097
12.88819064599064
13.148121703952837
13.219427495682197
13.318769091311434
13.580977488677716
13.728607862804678
13.932725944886732
14.192692703207602
14.390037485714945
14.433612807223712
14.639096382417183
14.894542752138756
15.020323544370903
15.316751404045867
15.415692081919024
15.5780725208671
15.769759909686657
15.931772876410516
16.20400756107718
16.400046879423893
16.573285129643683
16.701489883406232
16.996693642547225
17.298720851123797
17.45317955220618
17.73281121233285
17.833271686161194
18.138285604332417
18.532580337618565
18.873265556411805
19.002882058288176
19.424428470908143
19.566694957248032
20.054891630634767
20.368931799529907
20.483733303645828
20.783180122687675
21.204157517442003
21.356359448626737
21.75075633389461
22.029927135790402
22.42652072504478
22.692218274810116
23.30444058465415
23.65056128499383
24.0524879010966
24.18086273613733
24.479777328995787
24.790930419307948
24.94464527592137
25.461883372736807
26.080994124962825
26.397242064777743
26.708727596458242
26.770205196324873
27.496338651403786
27.929428154965407
28.29573968636747
28.763072908153166
29.070560079869225
29.64647332444405
29.9130305759461
29.951858805331376
30.503672289577928
31.134806687290826
31.45302603994897
31.71154795481985
