0
82.71152059708932
83.65640790380567
82.96674885314121
83.97035876267914
82.95393801499935
83.47108299073115
83.97050240942713
84.7690643451667
83.9981778412325
83.28766383590575
84.90956240861094
83.29278442639125
84.27475111040519
84.69040300062053
84.34189666227758
87.75814162542473
87.51060049615776
88.20164567096941
88.01320160074795
89.03242256826235
88.90398328970136
90.466229617425
91.90184133569888
93.35099497933837
93.34385124121599
92.76544984180885
91.76719893054525
93.79965547117118
93.39068248183162
94.00417570531926
93.73861498032966
93.30770752029463
92.62938763842156
94.19778153214037
97.5266069057885
97.10014665379614
96.4604424109018
97.17320005302585
96.73996368915192
93.22708610033933
92.79317208525046
94.18787675190543
96.01412349904867
96.43942744751263
98.36565739010274
97.8983482222367
97.4312718279037
96.96443907495353
97.6687948190898
99.68449750541369
99.03451992717956
99.60651846941498
99.1185210379787
98.6221070419291
99.66787755151262
100.0009075545003
100.94523453811756
101.04155288213384
100.55760963074479
103.42735093180464
101.64144101028849
101.1414214088973
103.09874859858374
99.09912427071959
98.85957920225312
98.32266549343697
99.0093984571859
99.319724032845
98.45479942284032
100.49529937813136
99.63777315195094
99.40299121657094
99.12989668706294
99.14972030881857
100.77824516781443
100.92093501363581
99.94867991447045
102.35980297658259
99.49079746334347
100.93658362706057
101.2077058827091
100.16783228367173
100.95405932560357
100.3600213914442
105.28772138094595
100.32679255372469
104.37885822067977
102.29099837701236
101.8259031493541
101.98974526768959
101.68179300616775
103.80172787234062
103.7822098032841
103.46442803759503
103.27651469734651
102.95767777971753
102.63887012245057
105.14376789215505
102.39355469515749
103.83767852775847
102.8842588062861
102.55556088771587
102.78076048370026
105.35525829240946
111.57204440014266
103.77119457457796
103.43302937924716
106.05440457055933
107.92657657934235
111.23204379032087
105.45856526441861
109.70187389790809
108.17456514654025
104.32962237414897
101.8014486952762
102.84633730178827
101.05441207064578
100.70250605867002
104.75259434917707
104.8860586490498
100.74233569540604
100.03597728842979
96.2491600555613
95.67864494335149
95.673056759659
96.39496875943271
96.67386943027783
91.95174542271116
95.98888624964394
93.43930038636623
93.19770412429297
93.6924826315634
94.79922236996757
94.72407326812686
95.06735588502161
95.00873363061488
92.33621759950506
91.77248751340817
91.76929328900243
91.50305853416162
91.82734514387887
92.47947348687454
89.60169671531345
92.64026195314575
89.91732956788032
89.94843529670122
90.25912983271263
90.10835484970214
91.02680374148345
90.57269508624287
90.62388333045917
91.16525820902834
94.25517771151011
91.19689889147965
91.24689788517642
91.35644736052313
91.79392773966941
91.4602622035536
91.71915612258283
91.41229146901732
92.42282711323924
92.73631285440754
90.1566456997101
90.2176568149941
89.6550651042838
93.00124468645329
93.36555463278141
90.52254859862744
89.7492121973607
93.6813481528253
90.89945029951421
93.63143349345481
93.99722469764383
88.69959014738022
91.35940532162792
91.51188084809773
89.18060076488064
92.26899975450918
89.74832211987271
89.93920997780656
89.53920145014033
90.34393709491599
89.96787063069627
90.64080052493357
90.64307011589305
87.7933746628302
90.75030181127896
88.486160225483
88.63814708267576
88.59832549124226
88.34093057430553
91.53913617222933
89.04950136054514
88.8326878364817
86.60554450575597
86.90621315807364
86.90477338929588
87.17966618991369
89.15119521236487
86.66907531419615
89.61787260992122
87.42464327426785
87.72648886809768
87.73600719853033
87.70771594009058
90.27536263995188
87.43022935800893
87.99357569187161
87.99614227105485
87.56889515825328
85.70974659265204
87.55420580648003
88.28239862422853
85.29799006375656
85.83674106992854
88.28763497833657
85.43674146706537
85.95870879031196
83.76193708930317
83.76206622206881
85.50121718698418
85.8224324204323
85.82472890703923
83.31781825414771
83.79896951097564
83.6638548189114
88.32472591652234
85.8634789475345
83.43859993447903
83.43800927035304
83.81072362157235
83.30629707261994
83.8150663302004
83.81713343653618
84.08347587861968
83.82489619643499
83.37934151285353
81.34287803934957
81.14231312179628
79.09139902663458
79.54456990862164
79.54823361100881
81.22465305787398
79.75130946374406
79.75331093523337
81.60999579144486
81.6389422389848
79.36589126499463
79.79594463984579
79.43333451684991
79.63885774688106
80.04464195846663
77.6169453041251
78.29993755650308
80.05779383881332
78.17337672823842
78.1160903892578
76.90253879520331
76.90339384931706
78.16783376017023
78.71419505878242
78.37257333045447
76.4500430893796
78.60478894744092
77.13928030367993
76.93856786899887
77.34024431137571
77.34001512130745
77.02316794895668
77.10108635907075
75.66651828052119
75.51553290151175
75.65175074209263
74.26122406420397
74.27560461153986
75.84627740724841
73.95578020353454
75.84751257827863
74.2179375241378
74.21777542356521
71.96035101636781
72.43161764587553
74.44220952553869
72.50721017246005
72.49013216596447
72.51256399974797
74.44192238905838
72.34748150692377
70.74025778675241
70.75209891654721
70.95083275785224
70.75474066079423
70.95074178521237
70.85934464687293
70.97748014489017
69.51357486393492
69.11227993151051
69.45801911251395
69.44890171469974
68.03475094612456
67.62268489179833
69.44944685555173
67.81322248421237
67.86720767446221
67.76319815242002
67.91831826720338
67.76510317321716
67.5834521125277
67.62676482309264
66.2436193537629
66.25575321317893
65.93998014980986
64.92732636298906
66.04814423805702
65.99229631034677
64.81282529451137
64.66241834266226
64.29981774432643
64.61737757183526
64.44337723719592
64.33926116597529
63.363663096186485
64.1251381794149
63.17942703469325
64.17065692390355
63.06187391450706
63.1433608444453
62.96953754127621
62.1312882380233
62.12963834023711
61.87069237135063
61.96527335270237
61.07210085609682
58.71302933016517
60.701611060952565
61.16748956915662
60.87090241735749
60.87815824477565
59.70162730963099
59.8578585097266
59.793223061706094
59.85410560555282
59.7581384178527
59.85413013713738
58.937362120539504
59.854160876975286
58.93335095276037
58.60926039863979
57.87909121992958
57.88865939084393
57.985423188843015
58.765037951149964
57.824892580719364
57.79453658886613
57.89971319517539
56.88086039738681
57.947463143162615
56.736149976491966
56.71290660520111
55.916551395820925
56.808678171965724
55.80280575707589
55.91678613279815
56.01625441051307
54.665861452187045
55.177528965004285
55.17401815811223
55.122675057754236
54.17520869589451
54.986363887817774
54.233629565589226
54.12049361249399
54.28884384366759
55.22437788144418
53.36891674690108
53.5277641041322
54.55970770481045
52.39283309474156
53.51194394238091
53.67900137173159
52.713028722850936
52.88118555059243
52.87062883001266
52.2567413557081
53.13520000141335
52.29204635836265
52.31867934153737
52.61242038775718
52.68535030884685
51.86974271905119
52.06558020365471
51.403792547465386
52.176958850197096
50.66833120792816
50.8157355686689
51.540343671502185
51.59798215326816
51.719364504014194
51.218392058634436
52.05996634927105
51.20680173127532
51.476730239251644
51.448066797263145
50.09568819125667
50.88966463345627
50.31970947342788
52.56589811262469
51.06989515851339
51.01007954669476
50.326878658142036
51.044161133225955
50.51919609246214
50.56721223142718
49.71684422209431
50.56722219409441
49.71684422209431
51.31428738282049
50.40697053134604
49.34777355998241
49.081686678569824
48.42639401529814
48.56300428355016
49.081686678569824
49.28863400000096
48.49602840891125
48.47683675721371
48.6695767403738
49.37924198413228
48.14042668969957
50.14008536951661
48.634049669956845
48.170031194874895
48.11298343679384
47.5751103104332
47.58327939587407
48.30432732420231
47.775419378730916
47.6398225494587
47.085074629069474
47.74347456462893
47.81936367783335
47.2121079053102
47.20533374446961
46.73151454790039
46.533439384776216
46.59604591914966
47.4401079936337
46.94332904369272
47.419248443652194
46.20948069702211
47.07871368070931
46.88361406360993
46.277591197426155
46.97212040090258
47.019589465828666
46.48447909701096
46.08543220764372
46.58228492108546
45.99277162628607
46.13346255258327
46.122049601819555
46.11287400284996
46.154948960113295
46.836449786355246
45.869883138686816
45.02128029945487
45.3883947339591
45.388234549461956
45.264043143182185
45.9590253132333
45.42403453640142
45.01543220984997
44.99006747917827
44.47592278392835
45.019012583441786
44.60804392948473
44.50207610643689
44.61916815052121
44.097997615407536
45.868185604682566
43.92336861572833
44.45162308838954
44.73042341747348
45.18521653679594
44.90288227078139
45.32493056665502
44.52112335321257
44.47652707460234
44.229724067676955
44.271264739918735
44.35579969945539
44.09932815898319
44.27268721293822
44.78742906562691
44.3479198919771
44.64008123521991
44.750914087442524
44.42427827568044
44.5160336298076
44.53397351877969
44.44753363149479
44.21305847558932
43.84794698491441
43.77877284627657
43.83817353730651
43.500754650482435
44.02432552578826
43.561362292716275
43.73366786058889
43.76150298126012
43.79136850377946
43.31140888693694
43.50205984914159
43.53940768068676
42.9829870922114
43.38711522078446
43.21794551005444
43.20142028627535
42.836148171812596
42.8763411940986
42.321791310756986
42.969792250170954
42.47797873495459
42.190514289016086
42.64309237420942
42.154570298654576
42.213916057422466
41.75403662805093
42.22557428840397
42.004154861960345
41.82463757652242
42.05033511342789
41.59999809862276
41.2164231347912
41.31094886633396
40.682470795962494
41.370413960189886
41.05343128960144
40.4196684247173
41.2099381428404
40.86085342763584
40.40972015485252
40.62702948632819
41.027614603533756
40.52939955943497
40.088860155991696
40.30734420224946
40.32925619427125
39.821071751558975
39.62176789057124
39.555131987518784
39.77071434693033
39.22575019060289
39.3593680525654
39.613068442640134
39.26095482999797
39.227013195144124
39.25547057251449
38.90692686634172
38.54429622431898
38.40040145856794
38.24751687674608
38.5158439321444
38.436989056421616
37.78376137338497
38.04835575324109
37.92687129091545
37.40643595980296
37.4993460827084
37.47750444676269
37.52661722135993
37.48731543107682
38.0044184483556
37.64187362152652
37.72994697401349
37.00508161996471
37.0794390124016
36.72615290826524
36.51992967616296
36.87047486312251
36.44460184130443
36.47083644708235
36.29494547797299
36.15747996351374
36.22519312157347
35.72573541486411
35.737278431990944
35.841532791444024
35.373138181423855
36.077343850376394
35.55540121178265
35.457952063764694
35.05704268064037
35.210205410296524
34.89992139957186
35.253187383563635
34.816968695341814
34.88147602257135
34.32496261500639
34.19415247409239
34.00156632440358
34.107131333420156
34.13171724279266
33.62716330786287
33.74074700126046
33.51848559326975
33.38987579715848
33.13922033948554
33.26815079285296
33.09036914691657
32.67689056990341
32.5176312172358
32.52158601906038
32.378539889891165
32.13900295107516
31.960735136166235
31.790880861523945
31.65548709319538
31.281173266663025
31.18296972776524
30.974699651818458
31.03424282338497
30.858845229381032
30.73748328998525
30.444742704590773
30.13005270911729
30.219690943220602
30.109983615622145
29.761184730444413
29.69367258875529
29.55697802637614
29.44602759741715
29.459518287571267
29.32477182828307
29.27683768992277
28.993942198033793
28.86544728688345
28.770735643526994
28.35515965841285
28.477228867839827
28.38089163798159
28.153830616932026
28.170010855766897
28.040085197786947
27.94641980830788
27.89944150912232
27.519707169258616
27.497806354681842
27.563847272706
27.377547276924965
27.322988431848813
27.28657378940479
27.204906976769198
26.925389807101872
26.99429033198251
26.6206394142591
26.691070467816218
26.647925400037565
26.427119822427088
26.292138623915516
26.26053677669266
26.177297917544095
25.929544563558984
25.657257448382772
25.640341715088404
25.458839964358
25.438588502804535
25.128819405455594
25.19652128923017
24.890723443099787
24.736545874155645
24.607546986084408
24.432416199591458
24.242259397215214
24.07023006910412
23.873024621345106
23.69937008774991
23.460293513537408
23.420781655797853
23.339360196084773
23.025178090341946
23.024799511786533
22.818542189801576
22.66300717498162
22.295974303548494
22.24181441068591
22.162755466306486
21.765356211114394
21.696521508071115
21.537858770771056
21.3535276613974
20.998308926848622
20.215771279704228
19.994510101635264
19.70498690280271
19.545678611459927
19.871570713159038
19.712201315442837
19.456162070970798
19.324823925330076
19.262629274136152
19.26684573614314
19.14891335280483
19.10265081159375
19.02370946282808
19.03961134598856
19.037206464666944
18.88917483803034
18.89923918687537
18.86152948531623
18.82408351150447
18.813296072791903
18.792724591288522
18.78260744282735
18.768368235779192
18.67273507054982
18.636755558525202
27.237644081817717
27.105772679541012
27.14399607823395
27.09649768865092
27.297663350597826
27.43072414312885
26.97710095256936
27.109294669299594
26.94958970255773
27.02992318244966
26.834649477092622
27.1823965167255
26.887175156294074
26.75284879977159
27.13627684070733
26.954701415277555
26.69052670203572
26.616527123871215
26.577106806560845
26.386097412624288
26.71534623651238
26.636068883892513
26.470685541794754
26.350678764584185
26.112515071694716
26.436403294212838
26.691133347598676
26.32346599172384
26.407991183038373
26.237400102594258
26.099229166265616
26.031734326572664
26.16522538624191
25.993551629347017
26.134550963935496
25.93558107443365
25.856313522223
25.73477610458174
26.24670475822718
26.195486583280516
26.035838253719387
26.083363550188402
26.49041701881298
26.692215779620582
26.1305737186624
26.636757192223836
26.25780132176889
26.556078917894865
26.476549403992024
26.91891876714702
26.35594137879672
26.735741239895383
26.83353912729466
26.931361365067435
27.229845602585634
27.60085939126641
27.329632969351884
27.17040539236638
27.622412790574177
27.850728908370613
27.39583921096665
27.724617542975167
27.66277054133944
27.921612466230027
27.83028863552491
27.663871605202964
27.86213481155113
28.122899296788244
28.35445081495532
28.07438710096329
28.322590408420243
28.715827070020634
28.60984369400176
28.29439970671394
28.65648421005307
28.158205771072105
28.744804520374746
29.01843075110458
28.9618927709671
29.118837051565958
28.869155879455427
29.217608991145205
27.854677883662198
27.666310118980768
27.08901269765618
26.663473761735876
26.839313834142924
26.31482920235585
26.479501989833285
26.69342624984552
26.120510011075776
26.483338820339625
26.43174907954081
26.376909636258357
26.137768903617932
26.446498671802985
26.322553169953725
26.398298818941974
26.58944603827422
26.462898107959585
26.29268402687499
26.39697194098626
26.665799383206924
26.544810641565086
26.418172843972584
26.895276887266885
26.70463052635405
26.745992728682083
26.953450684465352
26.46837865710679
26.909953995344914
27.025328221520567
26.968253471362026
27.371607114121588
27.32428327281486
27.65609810198735
27.504982296421083
28.022475997552
27.502572338325205
27.477241505000805
28.30772595814361
27.57110929257875
27.866370541470978
28.371204596180522
28.249420444163096
28.147918928122156
28.355668347400986
28.157988837721746
28.308605979535837
28.206160818759944
28.660176995053828
28.58947482044629
28.605625771936527
28.73114789850355
28.510733853239707
28.49873708286213
28.727624598618664
28.85597183446377
28.919773519347167
28.935983785270604
28.964605465590658
28.826968569498305
28.75526292887901
29.138215642985056
29.08686476940622
29.247456107589684
29.218348896703937
29.054985148076735
29.26096732457562
29.051371244680936
29.040520720497117
28.975727086779575
28.97665065090957
29.174510474104096
28.940193091639514
28.8169354591291
28.862178773740123
28.92796570116138
28.78831671659722
28.676512385830495
28.483682728994903
28.76081541908178
28.145707886395662
27.97688842475196
28.035578431371825
28.442986796915452
27.810627230847803
28.030391945870793
27.91775582723961
27.819509435137405
28.107688940266062
27.68430633808824
27.571461244415893
27.644160664037305
27.35224178399526
27.047121494468165
27.1432487382635
27.302189709581338
26.883348763043443
27.024816435280822
26.79794375799734
26.83677536287162
26.72200493909095
26.71920279112079
26.605180536453872
26.668914191520546
26.70059248067415
26.76976099714681
26.70937295723886
26.828958693865808
27.030791677960067
27.28772915285441
26.969141028098015
26.943779880714033
27.402294992375552
27.01022408266152
27.519782893753643
27.67100333586565
27.912210849363767
27.638545455137596
27.941485346820986
27.755730464681985
27.61632024650426
28.029876907609715
27.92533434623908
28.405577395726375
28.471617686407612
28.559662828873606
28.690324273689132
28.277390300082512
28.394835710984065
28.460047199935154
28.933212981141843
29.147840322796508
28.64126184130228
29.120126429158777
29.238435235505293
29.405731906290768
29.3567894480389
29.4751893281689
29.445348915164324
29.886129906698645
29.812815340009255
29.33848532428591
29.360425410994566
29.58502989257628
29.826193119291695
29.887923489369552
29.56289605504925
29.823954572976334
29.626130160178082
29.821714524312473
29.576191755545718
29.330165114979913
29.70100844913096
29.7978744673146
29.58037718855668
29.30510570685245
29.2985621248839
29.184488514371647
29.82005644597937
29.86023019343963
29.6950670460075
29.60732003388032
28.980480981825018
29.420738601440387
28.89354757618188
29.239431357928616
28.681632839838684
29.05258587524697
29.277849644871498
28.8086050755931
28.96049481717534
28.56490476360083
28.873005005839694
28.72293375287293
28.14144581541263
28.29507073859436
28.409357240261187
28.61121519452107
28.050248760125413
28.084565371598245
28.35779913993565
27.901399537870436
28.26940483443353
28.1320517982571
27.966625212890634
28.54209533763865
28.20390318512537
28.22453465236849
28.55298911492775
28.51337684394068
28.621791878209947
28.709006499091267
28.668669549278395
28.807486991261303
28.858952643884027
28.928035110374076
28.8471167809886
28.79628754858622
29.017955519642005
28.917368827687415
29.13876158792611
29.126364087103727
29.419882235159562
29.511807415183593
29.191991682906135
29.210523044218014
29.40629757918822
29.28066375940405
29.262450745049986
29.493089386532947
29.651044687886685
29.576471896780895
29.33125872676119
29.697635530680177
29.453970691865372
29.82138325662144
29.750990026335273
29.98300377510649
29.696274659290093
30.066389975911886
30.119395857616908
30.315299967420085
29.971299276914653
30.00209222615095
30.03114588589739
30.125088449898907
29.93370075232957
30.623261303542684
30.237410859056737
29.911661960113317
30.237410859056737
29.911661960113317
29.757183067113353
29.93370075232957
29.790359284404918
29.37896002028259
29.568764843313325
29.596515125537888
29.448292455000914
29.449266133441387
29.703239035122298
29.448229469391695
29.530356673348635
29.502673548991485
29.00171506435835
29.747248691325364
29.253410892232026
28.802344998171655
28.990759866487505
29.00221950366842
28.816096973811185
28.77942581099867
28.697042794417644
28.574765453874775
28.815637032815616
28.729452736639594
28.56675051371384
28.507037305436548
28.73073494098458
28.080252875650615
28.638892072409426
28.2190102672538
28.1487248353032
28.541733881370874
28.55486293005489
28.57597259726038
28.53604434155821
28.55255049487056
28.1872974271179
28.32336606477083
28.719291402132118
28.7862210210006
28.85387965164848
28.923984248450587
29.4017635609377
29.363203538832366
29.489571104618854
30.08823230235008
29.790759550287945
29.73987476597758
30.24551510999875
30.04461343077415
30.171560381317995
29.838637477424744
30.289913209923345
30.4224090018749
30.549460928369953
30.550207513253707
30.66545262139232
30.705320150833742
30.91038067043054
30.80587883163892
31.054804646259697
31.18205166289671
31.309343485880227
30.944743501347165
31.40349361007229
31.001262584819326
31.679823688537038
31.539478682283768
31.759908124819745
31.94648369119605
31.88701734385514
32.07404976003397
31.485702335983966
32.20166244486081
31.854553358501445
33.881240745387366
34.42647998478703
34.38898306689827
34.417694423291266
33.96415711727515
32.588407555967436
32.09918244915291
32.20261868175092
32.224676344693194
32.681211774444606
32.56632619316199
32.32546730069785
32.446301681538586
32.24797922103906
32.5099808648257
32.53861557260947
32.5043503452157
32.56583698915848
32.52114234154889
32.17788790638931
32.29239715095573
32.29526621268281
32.34401678610908
32.034438561534
32.09738745100478
32.13870805847511
32.40162752751654
32.05610936535819
32.518748634319664
31.823477612781726
32.493677244840526
32.015261008936974
32.4507239717214
32.49292515874462
31.968557583918344
32.43503297745134
32.09848286670311
31.680013802065787
32.05826813790488
32.05325490212594
32.20829847548688
31.823076338464958
31.81286819597145
32.15731703212876
32.123813952770256
31.797996925884046
31.339045138066766
31.333452457767788
31.327871117498464
30.965401450986082
31.698571423018812
31.27260027022729
31.270779596108845
31.226931013413523
31.304935042553144
30.876386748633795
30.89661062327152
30.889936554139872
31.15904974859194
30.71925895128862
30.395897588291668
30.8635000090478
31.233697080155437
30.892629825370328
30.506985815372147
30.361802684426372
30.49735224027818
30.48928329584265
30.53904133730251
30.501738463970945
30.479849205749655
30.422651932584145
30.580679621541147
30.585143222974896
30.616041158663332
30.649096737231325
30.735496860356864
30.340508007084928
30.334518820824336
30.285588007465567
30.278362415674213
30.055525177625817
30.829380363945006
30.37299068807905
30.378191279521236
30.375847219230103
30.17166026838919
30.16816490497064
30.17073525935524
30.265998078116894
30.318477034543665
29.94989312758864
30.404162755042606
30.16607674679169
30.10601942980484
30.27141520509672
30.206980334350284
30.372346314323693
30.029807172048667
30.390379521326658
30.46882229464422
30.3784648060831
30.372626382852697
30.049286364211888
30.121473607986395
30.11602137153703
30.10342201037042
30.19089628246857
30.02522090095588
29.945378400582285
30.246672287865046
29.808769408692612
29.826859980154005
29.87535017962051
29.511299227912627
29.563499036880813
29.553311634911733
29.830992989682983
29.48567454933478
29.481587610571506
29.514949076453778
29.511351860134845
29.392245124806255
29.10051313466342
29.096954393825197
29.44028589283392
28.826786057458154
29.071953627846256
28.938286359849005
28.973748794718272
28.68057375692461
28.704797289357924
28.5811075802178
28.052399253048176
27.96297859886323
27.960245853656613
27.957613182640557
27.98519928938815
27.982776568241057
28.243681925439756
27.632406530534745
27.548412399696744
27.54640816489403
27.54137189973884
27.34108827079575
27.33936287765788
27.337738113207752
27.336214078103833
27.323970225180066
27.375930963687757
27.42995632119272
27.42881407681227
27.106804712150346
27.177905884113002
27.106099580526987
26.930566927433453
26.702306594640692
27.105013420717306
26.75677244908448
26.83679530582242
27.116406882386663
27.241662221832694
27.209904331081816
26.981699813936032
26.814539117584534
27.39800420638395
27.16515646200796
27.027191780058335
26.9994391688043
27.14142144597617
26.84993288032142
27.020768528255108
27.08631585675118
27.08108443770037
27.175266176284865
27.24238805901413
26.766651577746735
26.83194918367856
26.86116839615988
26.832328562492155
26.833941013286285
26.725580088224277
26.62515661408836
26.46445215061997
26.7875732279961
26.89512263583515
26.645898980808436
26.590572352286888
26.68286561375458
26.66768017109696
26.3626581629689
26.291952911973652
26.21088731838187
26.331912998172232
26.33504698916929
26.077501055407417
26.142757098400313
25.865623777160415
25.83973478854945
25.797138427166036
25.872969349309397
25.66284102893889
25.422936813599975
25.253479488777707
25.32594134623026
25.122791243736437
25.03277660202481
25.192062122189647
24.950716710895986
24.919981038267164
25.026529009049977
25.015347888769227
25.070146025418445
24.89012406263855
24.72477067599498
24.81530565479494
24.704280860671894
24.79732933633617
24.88529544379616
24.978500500080877
24.674444872676442
24.725677922591714
24.811468935498084
24.69849019575643
24.922817068840754
24.84448652122202
24.700953189695554
24.75672246832803
24.693329499737033
24.853408711512905
24.87662409562902
24.84149181620117
24.74936166858158
24.89812972182222
24.965883197630642
24.90962069441113
24.951446892489514
24.725723711203543
24.766743566578437
24.942990163287412
25.04558188939101
24.833488430093485
25.01584731013096
24.88535993834914
25.175557640146312
25.19365698021195
25.124771715173928
25.04083043535318
25.220492113783543
25.006374329945753
25.092753345109053
25.068527783878032
25.158068482197944
25.020567923338348
25.368754493089504
25.339658806851517
25.43395330606318
25.141386880381386
25.018847951006787
24.950059202574366
24.67021731964718
24.798904028554514
24.970509898224673
24.91995312116447
24.834399825356343
24.483278139719715
24.79104122453688
24.808571563660585
24.819525486408693
24.905338476675205
24.80673802482927
24.989870991973245
24.984463341233994
24.63047207119314
24.795369722356277
25.054756428461882
25.00111283530792
24.994650896198614
