0
129.77952887595836
132.51188511266488
132.60142629919895
135.66767724334608
135.16788044052447
137.24467219736317
139.42234764970277
141.97280972616693
141.8277851153955
141.95277640819472
145.9080045254704
144.42232548242563
147.26039778487777
149.14857835109873
149.7905079119539
150.6558118751045
151.32139159865528
153.5294393555747
154.1175208948132
157.14053252421212
157.7562688495039
155.1980821684655
158.70978674253658
162.2926791086984
163.17527933062703
163.153773388633
162.28078017617128
166.87948443153982
166.97222888508483
169.1256534214648
169.69391972628583
169.7579512116071
169.3725600976026
173.2105794444131
173.05233333365865
173.15030650066595
173.2964335291117
175.4558343402526
175.55036244404957
177.29928384258693
177.38696570574638
181.1055584317179
185.32771310551465
187.1253876841452
191.98993037739857
192.08464216030148
192.1792688334071
192.27383193171875
194.85578087015142
199.92860976111868
199.8117442423983
202.05420863647325
202.15347749486182
202.2560293997726
205.35217985139093
205.63326909465516
209.7062079139661
210.93671330889825
210.92685447571066
218.00300499130373
217.10213544404948
217.2492782259885
223.17619903319556
216.34550917312174
227.16965594775306
227.27321564779888
230.87678312374453
232.63920978346567
231.6740601630835
238.98917947997404
238.1992565660749
239.28039948641018
239.35300333694582
240.87190413844004
245.5645298958418
246.85398633795876
245.81212363717296
253.11628973678856
248.13064314646016
253.13801868294627
254.81239871424353
253.61438891793094
256.62986622052597
256.75323808613456
273.7124549500137
262.0736965177153
274.01007060184537
270.96879478164783
271.06428852160866
272.61519916321384
272.69484608830527
280.71998108706475
281.83358418412945
281.9157554437262
282.3801686758036
282.46055196623445
282.5409104298125
290.8965353463388
284.4828672087979
290.75161589935897
292.86460913962264
292.94891032734597
294.61923275208693
303.3269176278692
322.903993097828
301.6851165129911
301.7707581784029
315.56720754727417
328.21697178730045
341.41933528567904
326.11846693636465
341.10999223286865
342.14353509598055
332.47045022717185
326.9494559671048
332.8199183488017
327.0616516286807
327.8078427093061
342.6465256206237
344.08564151001855
330.4956577735208
330.76086375292
319.5109572736901
317.61653733321447
316.9371343294048
318.7156659536804
320.2653584075938
304.04777880954106
317.389112015578
307.1265640827966
306.0496757981519
305.84426764882284
306.78338908830875
305.04946651393556
305.8766299501972
305.3785504182366
296.8258588199633
294.72620826580123
294.71579991364246
293.56920005576114
293.4833678918201
294.99904848192455
286.089196656822
294.942651335418
286.0038712512697
284.76389799087156
285.75627649740204
284.69622222986294
286.7784817729333
284.5796531153656
284.2050011778138
285.6159090504654
294.46318361509094
284.3952603102253
284.01938270858943
284.3267518432481
285.43708702776127
283.33337131075666
283.86191864572675
282.6582712995537
285.2589063710155
285.16675842710094
276.4454076912716
276.4144723647029
274.6927817445433
284.4007754798255
284.98950253565977
276.32814154650265
273.7076137039933
284.9045020204757
276.17029492361866
284.23115245339784
284.8197252431051
267.7669892548684
274.56257795432896
274.52973928049175
266.80587302935015
274.3030335503395
266.57192565872464
266.9154304510408
265.00571692253294
266.42278302709866
265.0614725009019
266.3451832280623
266.3522282098642
257.04577274787863
265.2481639282616
258.42399847576826
258.3659917584914
257.8146397938821
256.8563787626451
266.1359355982687
258.23588018610116
257.12779345423485
250.46514553834672
250.8714504651197
250.86770953256755
250.77959023238714
256.00711354708534
248.90405177722346
257.14287779221326
250.18989315797603
250.59645359494132
250.20919428886796
250.12739745483734
256.77652048798126
248.70586669193187
250.07326407763426
250.08108281572228
248.63567481288266
242.93048119947943
248.40314555921037
250.02796157617473
241.59513444329156
242.8711674194174
250.04387842108122
241.35181808073895
242.84149605893683
236.3883264318858
236.3891756272628
241.11979725810437
242.01375647163132
242.02074772629814
234.93946454587757
236.10951310607567
235.73847583841535
248.63492708099557
241.298882621097
234.91150087038227
234.91033337505013
236.1453842409585
234.7330808028441
236.15872917063678
236.16510946806235
236.10219578452987
235.78205212431413
234.53688305590384
228.3907111394271
228.25627114079302
222.47818823141208
223.74610808422653
223.75653518761334
228.28314223738707
223.92057450893182
223.92666767697708
228.97248774637072
229.05403192226464
222.48909666176544
223.68609410181918
222.29743251698545
222.27674897903896
223.61788476537836
216.64552460803523
217.79120946129115
223.27413854775364
217.85781630275187
216.55951965027137
212.29971893040994
212.30255159624986
216.35105265234358
217.48708916551647
216.53665407819463
211.04484121204683
217.19046549981036
212.21443844143397
211.33020497671615
212.0718370417677
212.07167404756254
211.2134365498854
210.90472466335953
206.98643793020287
205.86514934984515
206.0386970696102
202.24681948956575
201.97071128271625
206.07566327467944
201.1098230058229
206.08001031290289
201.8129946592767
201.8130129953307
195.5051326034473
196.79851666537104
201.7486895186359
196.52663376704234
196.29183552794214
196.54159995305906
201.7488421341794
196.2330315938982
192.0489847283573
192.06632107105227
192.61008170192972
192.07397778761148
192.61027239498486
192.18698423115006
192.03759931978973
188.2422592600391
187.18041828110967
187.91549692737047
187.92890340377136
184.3906905939062
183.24911649630823
188.06670466866413
183.78460242285624
184.07394128731326
184.26770646397833
184.66912873867497
184.1411064833832
183.64829743378374
184.0734176547872
180.12077268379633
180.32517992261765
179.77295707190558
177.03459718853446
180.19244679203717
180.20878424070236
177.11374883825732
177.191225363051
176.3366958054421
177.17465990525017
176.55491671247563
176.6044573894233
173.7788497169131
176.15458044401396
173.56586256580476
175.97078424950442
172.95383033159868
172.84670361274715
172.54294694835454
170.22103631558983
170.06570323326002
169.54394570223758
169.63704501699104
166.89830314903958
160.2173227587572
165.7561233188201
166.8780353784405
166.22460095597856
166.08528560304407
163.05141747629483
163.47671506223364
162.98901390975212
163.03340401154904
162.93193073603987
163.03311339632765
160.52246798557448
163.0328395342204
160.51113340733605
159.50540559850768
157.54332873760862
157.30583056358185
157.392054683167
159.66984215461724
156.8315411310239
156.6297531965875
156.91850161214444
154.31693138193157
156.78565146511372
153.633533274465
153.58516129953657
151.29011355017738
153.8397986568987
150.995040943251
151.29006730494987
151.53631859860755
147.77576704383495
149.02708640836738
149.0172000777927
148.7445918359556
146.1818468582372
148.3026952953926
146.00378682779274
145.71265785255508
145.7726928376435
148.31056229029892
143.07819808954693
143.13372939351564
145.91080180617894
140.3644467798818
143.13525817652004
143.19771970966025
140.75318642641238
140.7192630975386
140.7093206399907
138.69505029966305
140.9350761453436
138.27202794263744
137.991036410648
138.2952551876171
138.49494989270727
136.00955430520864
136.30924119409676
134.34035567144258
135.929990324826
131.9235615381992
131.88074690058377
133.53380774579466
133.58834079494986
133.56518050757296
131.94487116404702
133.56768468781905
131.28733901831671
131.73720315227706
131.3991617587602
127.70151040566397
129.56792724086756
127.78729567654194
133.46850344491617
129.58621198622683
129.2383277498488
127.40816135604749
129.1225553801911
127.4751656461827
127.39544513570726
125.28330303462039
127.39547052002024
125.28330303462039
129.26411751595907
127.0141901195279
124.05805301305797
123.28747772618141
121.64964147173013
121.61035393455867
123.28747772618141
123.58987286445495
121.69771424703487
121.47707277666153
121.94894789857983
123.62270157025605
120.33913448027698
125.31946395846232
121.49006220191404
120.03020496281587
119.7135132933082
118.46361886679978
118.32877570802285
119.99008211329904
118.40718266571724
117.8997025728893
116.49335564972759
118.15613612776134
118.15926819882137
116.56835062780144
116.53382361164502
115.10286242335756
114.62923163195272
114.78607405959872
116.57057446631478
115.33980232653667
116.52031192826426
113.39062238596439
115.31642700439454
114.75673814310257
113.2639542193059
114.82007107021275
114.75615181784494
113.36597032276192
112.19180802589744
113.23761063865645
111.72141874301221
111.89808317453372
111.69324384965151
111.52274260760134
111.54846046952972
113.16112433054239
110.83987126922298
108.40430377202003
109.15298345569656
108.9249511410627
108.56803874520911
110.03295711588196
108.67275485466627
107.51909880179102
107.38881377496652
106.08764926398402
107.13238112424474
106.09807433506006
105.66524862414632
105.82452080445974
104.33707723391349
108.33092339243666
103.36407280760251
104.36515574072533
104.72428997833018
105.56219005427035
104.509551362665
105.31152288622638
103.08378267608114
102.837469746833
101.88592164595497
101.66205552883004
101.40986894356132
100.61872916908365
100.56778257933415
101.35642482871685
100.10995719815041
100.37510637210163
100.34717165075607
99.24184173324144
99.40585573746716
99.22073295097374
98.7217526106921
98.00299691186608
96.99326012387085
96.68782648206864
96.68117801254293
95.74678910173613
96.83604058802078
95.46142761444536
95.57188418591107
95.3573986235918
95.42532736078958
94.33571805935794
94.5584148317258
94.56136585342445
93.27054665417808
93.94178890815316
93.44120098398422
93.36383830569504
92.50961540056
92.4586784749215
91.19649097718634
92.41574963290262
91.15099734371427
90.48061567219263
91.25520401446356
90.1653673209006
90.16753225961772
89.0014736599405
89.84302796045017
89.27017365611889
88.85766134016194
89.25117810702258
88.24604782011025
87.25051820824146
87.31344163921325
85.83527931017787
87.21604666612191
86.47169386936312
85.00152659985321
86.56237941338458
85.82046435487833
84.78180448290394
85.14191597258625
85.83440559890714
84.80052321319573
83.71242030846139
84.08395184288207
84.02950584200227
82.85092916186996
82.46728320959184
82.03953138618601
82.40441666154989
81.1963032232999
81.35561437834639
81.61399421470135
80.83752873497507
80.4750897476302
80.43152662603448
79.77319198044997
78.87320160517692
78.45088645530011
78.11410694218702
78.50786767333996
78.18460071695266
76.65353211993326
77.03958629814444
76.63645621733247
75.37713360082888
75.36412750008672
75.22848495205072
75.22786216417971
74.95719467571693
75.76614653581377
74.84677803224008
74.82563998822341
73.14866100236856
73.20914882063964
72.34464112443085
71.82862502904453
72.2894968123426
71.26344429088056
71.01446768339926
70.55641575815338
70.06253909419662
70.01473488366051
68.87042306329214
68.72346372887203
68.83009241152008
67.67247320920728
68.84027675969473
67.67280766256793
67.32203709809006
66.47718735926117
66.5864170661953
65.88477099832265
66.3438462183092
65.436748350997
65.47201867425031
64.26895482336559
63.89765912632038
63.425786348853656
63.457331209786325
63.423761341961416
62.34111687755139
62.39313244814701
61.864538020003636
61.50629752612842
60.937165048592554
61.01874432888396
60.57730035352714
59.67663722204974
59.26804025078789
59.139137309191184
58.77318169416251
58.300654977115784
57.94426237428336
57.52370296511844
57.0910437051135
56.299666852954374
56.006572854259765
55.608389103794494
55.57002256552593
55.099341463099634
54.70626028609181
54.12025232088793
53.360050344464774
53.39601922158817
53.05047573138099
52.30810663200592
52.02734585572866
51.69255132343627
51.34569129675865
51.31892532937567
50.927297391120874
50.68634784031801
50.08712472849617
49.71528496407134
49.46608242891513
48.54595477031965
48.59109333786679
48.27313294588397
47.72040170720409
47.53450440242945
47.1432492918974
46.79424508588286
46.583263253170244
45.76227898830077
45.53704091591235
45.48547624165045
45.03189245070217
44.77317623432997
44.523744395345105
44.21088929983585
43.59073248505892
43.54871664840118
42.768377549445546
42.79027982699426
42.601510545387804
42.061075239980255
41.75445648460827
41.53520167056546
41.29210868069688
40.742034495082514
40.22423825129661
40.09487912318118
39.726659503587534
39.5497101865237
38.94729324729436
38.983257688969424
38.448923234308914
38.16847161090536
37.95276602324426
37.65417251866641
37.40523672535911
37.14938124382908
36.84871274830613
36.594860519936674
36.26530010929314
36.20118404840732
36.04955018391888
35.676014955636916
35.752414045656494
35.49413708549725
35.264422828104145
34.737179198356216
34.679500208929255
34.590830413648476
34.005774659461196
33.971029581141195
33.8671219513945
33.729868853210064
33.29681434949873
33.46992874227274
33.20986405371882
32.86540119878369
32.697981296154495
32.014470213344715
31.803952058845738
31.453132853587547
31.206577761422537
31.035218145166212
30.956024959760754
30.577094500748338
30.394274757940558
30.121699270783605
29.914595099482085
29.670829933825893
29.243064721071097
29.08896332139843
28.872588452903038
28.658626666285254
28.41569512078675
28.16240084693929
27.92648490192591
27.727114284700566
27.429802236729667
27.23090230899297
73.72700162608467
73.73614338880076
74.2745063271934
74.39087935293217
75.2529468768603
75.93861627899871
75.00348457169066
75.81768833576089
75.75804267104769
76.44079231938053
76.08369585533372
77.67239606601292
77.09593555429264
77.3110103127468
78.76705355706437
78.85536540204258
78.50312031425871
78.7022492686419
78.86402215448408
78.79480815901987
80.20767144785437
80.55363954526918
80.63782870670374
80.56619343371956
80.42561507074797
81.87344397694396
83.11991362573085
82.5916207437707
83.55862426744055
83.4911732468278
83.44685226305856
83.78407741260766
84.77921324926447
84.6382994748747
85.50977801512119
85.43155111843394
85.5040927934768
85.27073182407251
87.05229531739472
87.05269696705926
86.77873284505716
86.93460018911995
88.19874237978536
89.05481426623064
87.0883991068541
88.68985257374925
87.60179215750507
88.41217192993385
87.89836238650464
89.45120901513438
87.31810465511386
88.31361072978423
88.29076530645673
88.26794603041655
88.91147086890689
89.93701872831615
88.79801029500857
88.02483111597226
89.15891724686543
89.7099897559815
88.08040234215065
88.80254936876477
88.5134602244269
89.09728952235172
88.61349734133904
87.92684473359675
88.47616172574341
88.96089203956545
89.61152956770731
88.47847339594311
89.02086493025026
90.07991681926163
89.73899108063496
88.66832251187455
89.55086240783311
87.82974716788232
89.49300049861758
90.00273116382903
89.50022678048657
89.65126755632504
88.63772766977317
93.70238996373966
91.55723116284172
91.73565358447904
90.62616211624781
90.0017159159693
91.1465684699227
89.72134398157117
90.73724313381229
91.74683798918866
90.1400879185707
91.76686624406807
91.77470335313947
91.77173538420452
91.03036212567892
92.01221537952763
91.76967772443048
92.21792728360003
93.08618020978525
92.73240980657135
92.22705031931085
92.60094649233532
93.7325602447763
93.5013927243991
93.06255788844118
94.93609662239966
94.55185522860194
94.69715711724815
95.4238588955842
93.81074924923702
95.57593572919147
95.78399223491411
95.58362266613706
96.81772705077698
96.65035679507453
98.01743635217294
97.3773189970768
99.12070360736176
97.3685890772139
97.07904451015229
99.72148071986777
97.12461980947002
98.3501921307381
99.739287717592
98.89726969308343
98.83620458181785
99.24465407664384
98.35941744310232
98.6985399705973
98.32627246365931
100.11696110056644
99.68340978616511
99.61388996132206
99.95531573340564
98.97510977270811
98.93424204869996
99.43022661472712
99.59148547363097
99.6096437983154
99.54065986779796
99.36025065327058
98.86155265033207
98.52796987133621
99.55385768109767
99.45495543426573
99.52596744558552
99.50387854212315
98.84288356199838
99.44813632201846
98.8482894645154
98.79423519168918
98.57579689780205
98.68686727599217
99.27589420040779
98.84846269237434
98.82603858811463
99.28812957003827
99.82161569955338
99.55737792819662
99.57549071646827
99.39303521768078
100.87330825589035
98.93442071896492
98.73250927504908
99.45794120931153
101.32662452156018
99.4862774904349
100.79746298539597
100.81620231491245
100.8858731266899
102.58683302644889
101.67905212954474
101.6998232607626
102.6408814198458
102.10315022333337
101.51064978792424
102.55230662317919
103.59814775891708
102.46887244617417
103.45685929181954
102.84278486163478
103.65439316637259
103.44386764909135
103.66322133803968
103.4545063340161
103.82470093102036
104.05390085960677
104.32058256115793
104.0869593986811
104.67691890003049
105.45649149472048
106.10494357848941
104.65469705026938
104.41850444254261
106.07334660776586
104.4426887245766
106.05314583439196
106.28776274797276
107.20680865073068
105.80410739356128
106.7192739799597
105.78341987854031
104.92069962895926
106.14286387816793
105.72911332008138
107.19106969836422
107.20643139895039
107.30143792261455
107.4486471171764
105.66800053053112
105.64773941299738
105.43504048581855
106.84021083701572
107.08327034438491
105.0014590230185
106.49184519824831
106.47019392041953
106.97152702279305
106.44859863902707
106.42705944125628
105.89961714067981
107.24374120981814
106.86250759401695
104.86384543209715
104.7978064814434
105.49362470788627
106.34640462494221
106.56477506951042
105.41537271689737
106.3382101032618
105.63867957336535
106.33001090037168
105.46150764273843
104.83264059223164
106.34328096536868
106.72305298973468
106.35664610505347
105.5092821112826
105.81357635418304
105.51847484238975
108.36065089590916
108.41976044954599
108.36592979994496
108.18920306725083
106.43299850390322
108.28653384649154
106.92020523327578
108.22622160505179
106.82757677736363
108.32366536241648
109.75674769148344
108.35297384286855
109.39395094517137
108.38263975272753
109.81946322249061
109.82582018375085
108.2047549011211
109.27330061438946
109.74723328806178
111.24463729238119
109.30374183538525
109.81355969429026
111.25856812815806
109.84208460941423
111.31608328964202
110.90811974974174
110.59421358253972
112.61725181434105
111.15747026317368
111.13841004312289
112.52247465200591
112.50421293195274
112.57485061362561
112.4076536794
112.4662721359592
112.5382496691151
112.4849907251355
112.50109457027362
112.28582780659747
111.9548659899439
112.34553211361282
111.92218818494999
112.30991118274801
112.36020503778181
113.48356415533162
113.50160024548272
112.36135881645274
112.05119354730174
112.33713440925753
111.82415749307191
111.75550635946885
112.05493414202446
112.2772016684476
111.96064905194166
110.796561012871
111.92721406207357
110.77413893842935
111.90362839800272
111.64150566880394
111.94048550238875
110.717146238373
111.84669553074737
111.8006950722123
112.07845559985645
110.6700401059147
110.65701678458333
110.52652716604891
110.63507954814911
109.68402225119995
111.97460215796693
110.37063320698478
109.17377999357602
110.37063320698478
109.17377999357602
108.81168520833216
109.68402225119995
109.19579177126532
107.80262543502624
108.81906529604855
109.27820703663616
108.8424062829506
109.20515738776618
110.37625903185862
109.77910051199912
110.44953610765212
110.7153666766228
109.19453833792727
112.11147663083008
110.74512948403721
109.39882762986191
110.34916969209523
110.76655593383346
110.41588507888105
110.78116869256908
110.82598930237701
110.84902539342251
112.02671104717425
112.10818167225793
112.06577472945219
112.22066304827237
113.21168023428588
110.91837862729798
113.50363145650462
111.96880531974163
111.9463662134991
113.63704244657869
113.60090266796068
113.80672732213954
113.75369712538233
113.59137837839391
111.75259793391689
112.1580649722879
113.45757086966188
113.70532411204621
113.71296810762263
113.50663059396494
114.99121093163276
114.92778058262444
114.90272346151919
116.49167610364687
115.07457914612814
114.84273549935209
116.40356543916793
114.98912447965016
114.96491535129248
113.45570682574707
114.79196059795201
114.90450527480509
114.88040767487988
114.63332412201471
114.70022564643484
114.60019953470517
114.65220656918414
113.90172606607646
114.77216620239889
114.74828303482126
114.72445162713292
113.02766575687257
114.5810949735711
112.75523516772671
114.53474658303215
113.97645225224588
114.41862248308114
114.60607435284572
114.39447515462156
114.58255552113745
112.24237540019087
114.5590891195118
113.09771226970162
112.30651665681478
113.77885551222427
113.72646725388105
113.82117702419993
111.99390327890387
114.50190626506239
112.67032473908806
112.79900072270588
112.6464374350225
114.35765043641139
113.53711779608548
112.76506621920561
112.988810815696
112.14366234905906
112.83835030394152
112.74097385929171
112.81867049096874
112.90803812175712
112.75323517771079
111.44897762372305
111.42422441588606
111.40107622885174
111.27029969192957
110.32150729972781
110.601894360859
110.51879623800144
111.31497871802641
109.91444802053425
111.26654272798302
109.10372063910991
111.10609578015696
109.65520175394754
110.93164115290502
111.17720393474909
109.09428726214583
110.85702283280428
109.71761075070233
108.17937943986786
109.45970435989965
109.44232941693791
109.47111051260164
108.22955521612268
108.11690609390699
109.35623523677909
109.3615828429082
108.14348046709237
106.69042854898213
106.67114642335544
106.65190706477917
105.2316000745669
107.80629267769169
106.56074899899262
106.67151946342673
106.4053994728971
106.5734140782127
105.22059391925335
105.28838898681997
105.26548997420669
106.28991593893242
105.10787004972903
103.8000521617646
105.17481674322048
106.42508380289782
105.0923688268117
103.85668214130472
103.36891716625334
103.82370225438699
103.68197705720597
103.78156057931794
103.7241163631308
103.64951501198782
103.26760108483413
103.69009518598855
103.59126078477573
103.60264229496721
103.59794463285404
103.61470131926833
102.36269766869167
102.34240485290135
101.97674454875332
101.95236100476878
101.09852905485035
103.38270830202346
101.86519270367923
101.8611643035159
101.85318677702458
100.97702685238605
100.96523163351442
100.61305113043912
100.89355185765109
100.86957912664944
99.54750183951776
100.75666473524959
99.58642184125695
99.47763602411509
99.55864687230451
99.42131943157281
99.50140242036258
98.35679461702001
99.25000078178991
99.42948437214412
99.21107555550964
99.19200281320678
97.85669148408564
98.08495714259145
98.06720642440106
97.94779897621714
98.1519741736445
97.55967299387457
97.30553375155523
98.1944274403535
96.86831239687416
96.92746908614511
97.10300799619019
95.75268489647713
95.97718936603978
95.86340768798611
96.94029206462689
95.64524340686992
95.6319973196495
95.76418116056979
95.75226645776657
95.49890396354249
94.40210198214815
94.39038011044785
95.70523805746123
93.87158529527788
94.59498256567046
94.476490551406
94.70541812958425
93.85578418357377
93.9388266633162
93.6347182270195
91.96377288387049
91.86637822194062
91.85745735009418
91.84886557693285
91.93991787047729
91.93190281226148
92.78025079504928
90.76781789174147
90.77305627728838
90.76651787280082
90.82936813055055
89.98040159395134
89.97473943706908
89.96941583049853
89.96443110879703
89.84357513938673
89.93706559556554
89.93894851981385
89.93524756150187
88.87565152370627
88.84929112008906
88.60584040381902
87.9634438332025
86.96677278920356
88.01409595896583
86.97560869412587
86.98968049257292
87.696990177224
87.94746027432892
87.71464929612011
86.86543529236071
86.07807637919531
87.64618828269644
86.76918155721216
86.09281186069845
85.8275912011906
85.94783791762467
84.83100685898648
85.01570233128479
84.97192758636699
84.81419998452454
84.79062776079648
84.90439908856594
83.28682302658272
83.24614786823356
83.26939127397121
82.94271219446311
82.94753914139558
82.38049929398389
82.07589704141218
81.35246497452361
82.32918581157188
82.30002146364194
81.66422207394659
81.49982915820478
81.48148936869036
81.3733853815996
80.5194960326676
80.07539690042856
79.83327865456194
80.13356440650875
80.1428604968979
79.35104592600337
79.48258209509349
78.6321409495493
78.5729673882996
78.42824652180721
78.65362503411693
77.94562387159071
77.58754727472918
77.13916494022325
77.27850434376089
76.5863330024951
76.2567839320766
76.596379247726
75.85232003402432
75.70236080704927
75.94445505228512
75.7134251032898
75.79833592063899
75.1856816018135
74.42541577035952
74.42618311309245
73.89070571829811
73.95493146328792
73.94915074760439
73.81514042492783
72.74324710271736
72.56054350899716
72.55259278595555
71.90376066268168
72.1121336629526
71.49280721946569
70.8464241205833
70.76080554450628
70.1479469244849
70.23510995265349
69.98843500738431
69.60664228221918
68.98232234730114
69.10887901333811
68.99213946179354
68.5422858265869
68.42756738998679
67.46210801787916
67.34916575863947
67.5483535350746
67.55221704142897
66.68751173775232
66.90444857981726
66.21677606340093
66.66826105429192
66.4357578909861
65.76096445404325
65.3867008929017
65.59400782245481
64.92504445770541
64.93700259775379
64.66955673909673
64.6900418631958
64.18111126637189
64.80939305643791
64.5327462988366
64.56475627572188
63.71867885984674
63.254979023588206
62.928030783382624
62.08370293260803
62.20626111940931
62.58937443504988
62.215342481849184
61.75737399892306
60.79288160784241
61.31318712356527
61.16907362683721
60.86172024981455
60.792483750493254
60.31811016805308
60.481180937721525
60.09914174646061
59.02943076958603
59.15130266934475
59.459441453833975
59.108684021256494
58.697583183068815
